1 0.299383 0.659722 0.192901 0.129630
1 0.294753 0.554398 0.188272 0.120370
1 0.498071 0.677662 0.187500 0.123843
1 0.493056 0.567130 0.195988 0.108796
1 0.479167 0.470486 0.183642 0.100694
1 0.457176 0.292245 0.158179 0.096065
0 0.285108 0.270255 0.165895 0.093750
0 0.293596 0.357060 0.167438 0.096065
0 0.293596 0.451968 0.168981 0.096065
0 0.465664 0.374421 0.167438 0.086806
0 0.641975 0.389468 0.166667 0.098380
0 0.623843 0.303241 0.156636 0.083333
0 0.656636 0.484954 0.172840 0.101852
0 0.677083 0.579861 0.173611 0.106481
0 0.692515 0.685185 0.185957 0.118056
0 0.597994 0.117477 0.125000 0.093750
