0 0.186343 0.382523 0.155093 0.082176
0 0.199460 0.459491 0.165895 0.083333
0 0.226080 0.549190 0.168210 0.093750
0 0.243056 0.643519 0.171296 0.099537
0 0.266204 0.750000 0.179012 0.101852
0 0.443287 0.748843 0.178241 0.097222
0 0.418596 0.654514 0.173611 0.093750
0 0.390432 0.564236 0.169753 0.086806
0 0.362269 0.473380 0.159722 0.085648
0 0.341821 0.393519 0.154321 0.071759
0 0.488040 0.401620 0.147377 0.074074
0 0.517361 0.479745 0.155093 0.077546
0 0.545525 0.561343 0.154321 0.090278
0 0.574074 0.655671 0.168210 0.082176
0 0.609182 0.752894 0.172068 0.089120
0 0.799769 0.423032 0.148920 0.065972
0 0.829861 0.494213 0.138117 0.069444
0 0.867284 0.569444 0.143519 0.074074
0 0.913194 0.660880 0.138117 0.081019
0 0.921296 0.427083 0.123457 0.067130
