0 0.630015 0.752894 0.181327 0.096065
0 0.592978 0.651042 0.164352 0.086806
0 0.562886 0.562500 0.161265 0.076389
0 0.533179 0.476852 0.158951 0.081019
0 0.506944 0.393519 0.155864 0.083333
0 0.359568 0.390625 0.158951 0.070602
0 0.376157 0.470486 0.164352 0.077546
0 0.403935 0.556713 0.170525 0.083333
0 0.431713 0.646412 0.184414 0.096065
0 0.455247 0.744213 0.188272 0.097222
0 0.278935 0.746528 0.175154 0.092593
0 0.256944 0.646991 0.168210 0.087963
0 0.237654 0.549190 0.163580 0.091435
0 0.221836 0.459491 0.161265 0.085648
0 0.203704 0.376736 0.143519 0.075231
