0 0.175154 0.172454 0.253086 0.118056
0 0.181713 0.276620 0.256944 0.108796
0 0.191744 0.377315 0.272377 0.120370
0 0.202932 0.490162 0.280864 0.126157
0 0.217207 0.604745 0.277006 0.123843
0 0.227623 0.729745 0.290123 0.133102
0 0.521991 0.740741 0.280093 0.131944
0 0.502701 0.619213 0.281636 0.127315
0 0.483796 0.506366 0.268519 0.126157
0 0.459491 0.392361 0.269290 0.118056
0 0.448688 0.289931 0.258488 0.119213
0 0.432485 0.188657 0.249228 0.111111
0 0.686728 0.206597 0.246914 0.098380
0 0.709877 0.304977 0.254630 0.112269
0 0.731867 0.406829 0.272377 0.116898
0 0.758102 0.516204 0.278549 0.125000
0 0.789352 0.634259 0.288580 0.129630
0 0.814429 0.756944 0.297068 0.131944
