0 0.733025 0.717593 0.186728 0.099537
0 0.535880 0.722801 0.175154 0.093750
0 0.348765 0.719329 0.180556 0.103009
0 0.337577 0.611690 0.181327 0.093750
0 0.325231 0.513310 0.176698 0.091435
0 0.319444 0.418981 0.171296 0.081019
0 0.312886 0.336806 0.164352 0.081019
0 0.483796 0.340278 0.163580 0.071759
0 0.493441 0.419560 0.172068 0.077546
0 0.513117 0.515046 0.174383 0.078704
0 0.527778 0.611111 0.179012 0.099537
0 0.646991 0.343750 0.153549 0.069444
0 0.672454 0.425926 0.170525 0.085648
0 0.690586 0.512153 0.174383 0.079861
1 0.711420 0.612269 0.186728 0.099537
1 0.479167 0.240162 0.125000 0.089120
