0 0.675540 0.807292 0.250772 0.153935
0 0.667052 0.637153 0.235340 0.130787
0 0.664352 0.489583 0.225309 0.111111
0 0.652778 0.367477 0.206790 0.096065
0 0.645833 0.267361 0.197531 0.083333
0 0.639660 0.168981 0.180556 0.074074
0 0.455247 0.186343 0.154321 0.076389
0 0.448688 0.277778 0.179784 0.076389
0 0.439815 0.382523 0.188272 0.098380
0 0.431713 0.502315 0.189043 0.113426
0 0.425926 0.644676 0.206790 0.136574
0 0.413194 0.796875 0.244599 0.153935
0 0.175540 0.795139 0.209105 0.129630
0 0.204475 0.643519 0.197531 0.120370
0 0.222222 0.508681 0.179012 0.105324
0 0.249614 0.391782 0.179784 0.105324
0 0.266204 0.288194 0.172840 0.094907
0 0.286651 0.197338 0.173611 0.100694
