0 0.601852 0.086227 0.155864 0.093750
0 0.611111 0.177083 0.174383 0.106481
0 0.621528 0.281829 0.184414 0.121528
0 0.630401 0.401042 0.191358 0.135417
0 0.638503 0.543981 0.209105 0.148148
0 0.649691 0.707176 0.219136 0.162037
0 0.403935 0.715278 0.233796 0.157407
0 0.402392 0.561921 0.219907 0.156250
0 0.408565 0.420718 0.201389 0.137731
0 0.417438 0.298032 0.202160 0.116898
0 0.419753 0.197338 0.183642 0.114583
0 0.421682 0.107060 0.168981 0.100694
0 0.235725 0.227431 0.172068 0.098380
0 0.221451 0.326389 0.197531 0.125000
0 0.195988 0.440394 0.200617 0.133102
0 0.180170 0.579282 0.215278 0.144676
0 0.167052 0.728588 0.221451 0.158565
