0 0.287809 0.160301 0.135802 0.061343
0 0.262731 0.256944 0.178241 0.120370
0 0.228781 0.381944 0.196759 0.131944
0 0.189429 0.528356 0.229167 0.158565
0 0.140046 0.724537 0.250772 0.175926
0 0.446759 0.139468 0.154321 0.100694
0 0.440586 0.235532 0.174383 0.112269
0 0.425154 0.363426 0.206790 0.138889
0 0.414352 0.516204 0.222222 0.180556
0 0.396605 0.718750 0.256173 0.215278
0 0.623457 0.118056 0.157407 0.097222
0 0.632330 0.215278 0.168981 0.120370
0 0.654321 0.331019 0.202160 0.134259
0 0.665123 0.486690 0.225309 0.153935
0 0.680170 0.699074 0.233796 0.240741
