1 0.293981 0.070023 0.163580 0.100694
0 0.677083 0.035880 0.187500 0.069444
0 0.688657 0.124421 0.182870 0.093750
0 0.692901 0.238426 0.191358 0.111111
0 0.701775 0.354167 0.192130 0.115741
0 0.714892 0.490741 0.216821 0.129630
0 0.719136 0.637153 0.214506 0.151620
0 0.207562 0.657986 0.185185 0.123843
0 0.228009 0.510417 0.175154 0.108796
0 0.244213 0.376736 0.190586 0.109954
0 0.263889 0.264468 0.175926 0.112269
0 0.279321 0.173611 0.169753 0.081019
0 0.133488 0.088542 0.149691 0.091435
0 0.114969 0.179398 0.155864 0.099537
0 0.092207 0.284144 0.159722 0.112269
