0 0.132716 0.143519 0.253086 0.104167
0 0.143519 0.248264 0.260802 0.112269
0 0.160880 0.359954 0.263117 0.115741
0 0.172840 0.469907 0.274691 0.120370
0 0.185957 0.587963 0.279321 0.120370
0 0.199846 0.712384 0.290123 0.128472
0 0.493056 0.725116 0.282407 0.142361
0 0.469522 0.598380 0.273920 0.120370
0 0.444059 0.484954 0.280093 0.125000
0 0.427469 0.370949 0.263889 0.116898
0 0.408565 0.266204 0.253858 0.108796
0 0.393519 0.171296 0.246914 0.104167
0 0.642747 0.186921 0.250000 0.107639
0 0.671682 0.286458 0.260031 0.107639
0 0.697917 0.384838 0.255401 0.109954
0 0.722222 0.490741 0.248457 0.104167
0 0.751543 0.607639 0.277778 0.118056
0 0.792824 0.734375 0.289352 0.133102
