0 0.191358 0.685764 0.186728 0.112269
0 0.382716 0.703704 0.186728 0.111111
0 0.570988 0.716435 0.179012 0.106481
0 0.185185 0.576389 0.182099 0.101852
0 0.181327 0.480324 0.182099 0.106481
0 0.186343 0.390625 0.172068 0.091435
0 0.179012 0.304398 0.154321 0.085648
1 0.347994 0.325810 0.152778 0.091435
1 0.346065 0.225116 0.131944 0.086806
0 0.355324 0.413194 0.161265 0.092593
0 0.361111 0.502894 0.169753 0.103009
0 0.375386 0.596644 0.178241 0.107639
0 0.556713 0.614583 0.168981 0.101852
0 0.538580 0.515046 0.160494 0.104167
0 0.526620 0.426505 0.156636 0.091435
0 0.505015 0.344329 0.155093 0.098380
