0 0.305170 0.163194 0.152006 0.108796
0 0.470293 0.140625 0.158179 0.089120
0 0.645833 0.127315 0.171296 0.094907
0 0.651235 0.237847 0.175926 0.135417
0 0.672840 0.373843 0.197531 0.159722
0 0.681713 0.542824 0.209105 0.192130
0 0.706404 0.743056 0.232253 0.217593
0 0.450617 0.765046 0.237654 0.219907
0 0.215278 0.763889 0.231481 0.192130
0 0.467207 0.253472 0.184414 0.143519
0 0.462191 0.392940 0.203704 0.153935
0 0.453704 0.556713 0.220679 0.189815
0 0.287809 0.273148 0.185185 0.120370
0 0.264660 0.408565 0.197531 0.148148
0 0.239198 0.568866 0.214506 0.146991
