0 0.216049 0.252315 0.151235 0.076389
0 0.228395 0.333333 0.162037 0.083333
0 0.252315 0.424769 0.162037 0.087963
0 0.265432 0.516204 0.183642 0.097222
0 0.287423 0.621528 0.176698 0.104167
0 0.463349 0.633681 0.173611 0.119213
0 0.440972 0.523727 0.165895 0.091435
0 0.417052 0.434606 0.173611 0.093750
0 0.394676 0.347222 0.165895 0.083333
0 0.373457 0.266782 0.155864 0.089120
0 0.522377 0.284144 0.151235 0.086806
0 0.544367 0.362847 0.168981 0.082176
0 0.571373 0.440972 0.161265 0.090278
0 0.604167 0.528935 0.179012 0.104167
0 0.639660 0.634838 0.171296 0.091435
0 0.837963 0.310185 0.154321 0.071759
0 0.876929 0.388889 0.164352 0.076389
0 0.914738 0.466435 0.153549 0.083333
0 0.936728 0.552083 0.126543 0.090278
