1 0.420139 0.514468 0.204475 0.140046
0 0.646219 0.653356 0.227623 0.153935
0 0.639660 0.510995 0.208333 0.146991
0 0.633873 0.374421 0.201389 0.128472
0 0.631559 0.256366 0.192130 0.109954
0 0.623071 0.156250 0.184414 0.097222
0 0.618827 0.063079 0.172840 0.093750
0 0.447145 0.076389 0.173611 0.094907
0 0.439429 0.164931 0.179784 0.107639
0 0.430941 0.270833 0.193673 0.113426
0 0.422068 0.377315 0.200617 0.134259
0 0.406636 0.661458 0.219136 0.165509
0 0.186728 0.660301 0.217593 0.140046
0 0.207562 0.520255 0.211420 0.135417
0 0.229552 0.393519 0.196759 0.129630
0 0.244599 0.278935 0.186728 0.115741
0 0.264660 0.179398 0.174383 0.106481
0 0.278935 0.088542 0.167438 0.107639
