0 0.621142 0.125579 0.158951 0.093750
0 0.631559 0.228588 0.175154 0.112269
0 0.643904 0.346644 0.201389 0.123843
0 0.666667 0.497106 0.246914 0.158565
0 0.682870 0.707755 0.282407 0.204861
0 0.395448 0.719907 0.250772 0.208333
0 0.135417 0.717593 0.243056 0.166667
0 0.407022 0.519097 0.244599 0.158565
0 0.422840 0.365741 0.217593 0.129630
0 0.439815 0.244792 0.188272 0.116898
0 0.445602 0.139468 0.167438 0.103009
0 0.280864 0.159722 0.163580 0.085648
0 0.262346 0.255787 0.180556 0.097222
0 0.217593 0.383102 0.191358 0.131944
0 0.171296 0.534144 0.231481 0.163194
