0 0.685571 0.067130 0.173611 0.092593
0 0.703318 0.161458 0.189043 0.093750
0 0.713349 0.270255 0.189043 0.109954
0 0.736497 0.387731 0.226080 0.120370
0 0.749228 0.524306 0.228395 0.141204
0 0.764660 0.684606 0.242284 0.144676
0 0.501157 0.075231 0.172068 0.097222
0 0.501929 0.171296 0.190586 0.111111
0 0.499228 0.280093 0.199074 0.115741
0 0.504630 0.398727 0.216049 0.133102
0 0.505401 0.537037 0.228395 0.136574
0 0.518904 0.704282 0.244599 0.165509
0 0.321373 0.091435 0.181327 0.094907
0 0.315972 0.188079 0.201389 0.105324
0 0.302083 0.293403 0.193673 0.119213
0 0.296296 0.414931 0.211420 0.123843
0 0.277006 0.548032 0.236111 0.149306
0 0.256559 0.695602 0.239969 0.145833
