1 0.170525 0.103009 0.169753 0.097222
0 0.147377 0.193287 0.166667 0.099537
0 0.128858 0.288194 0.172840 0.111111
0 0.101466 0.404514 0.184414 0.100694
0 0.090278 0.529514 0.179012 0.119213
0 0.537423 0.652778 0.210648 0.143519
0 0.767361 0.645833 0.216821 0.152778
0 0.752701 0.488426 0.209105 0.113426
0 0.746528 0.363426 0.201389 0.111111
0 0.736883 0.245949 0.183642 0.091435
0 0.730324 0.140046 0.179784 0.085648
0 0.716821 0.042245 0.163580 0.082176
0 0.532407 0.057292 0.169753 0.063657
0 0.538194 0.148727 0.181327 0.084491
0 0.538966 0.251157 0.184414 0.101852
0 0.535494 0.371528 0.199074 0.111111
0 0.539738 0.508681 0.207562 0.133102
