0 0.638503 0.718171 0.190586 0.107639
0 0.620756 0.615741 0.176698 0.087963
0 0.601466 0.522569 0.175154 0.089120
0 0.588735 0.437500 0.165123 0.087963
0 0.569444 0.358218 0.158951 0.079861
0 0.407407 0.349537 0.154321 0.074074
0 0.418596 0.429398 0.161265 0.083333
0 0.430556 0.515046 0.169753 0.094907
0 0.441744 0.614005 0.182870 0.089120
0 0.448688 0.711806 0.195216 0.101852
0 0.263117 0.712384 0.188272 0.105324
0 0.256173 0.609375 0.188272 0.103009
0 0.249228 0.515046 0.180556 0.094907
0 0.247299 0.427662 0.170525 0.089120
0 0.243056 0.340278 0.162037 0.085648
