0 0.665123 0.107060 0.171296 0.121528
0 0.673611 0.221065 0.175926 0.134259
0 0.686343 0.361690 0.218364 0.158565
0 0.689429 0.539931 0.222994 0.193287
0 0.701003 0.758681 0.247685 0.228009
0 0.487269 0.119792 0.176698 0.112269
0 0.476080 0.236111 0.194444 0.131944
0 0.463349 0.371528 0.215278 0.166667
0 0.445988 0.546296 0.239198 0.187500
0 0.441744 0.762153 0.252315 0.241898
0 0.229938 0.550347 0.225309 0.160880
0 0.262731 0.389468 0.204475 0.142361
0 0.289738 0.251736 0.196759 0.130787
0 0.314429 0.133681 0.182870 0.119213
1 0.196373 0.743634 0.261574 0.218750
