0 0.786651 0.678241 0.233796 0.122685
0 0.755787 0.562500 0.238426 0.118056
0 0.730710 0.462963 0.225309 0.106481
0 0.697531 0.372685 0.209877 0.104167
0 0.677083 0.277778 0.221451 0.087963
0 0.655093 0.187500 0.200617 0.090278
0 0.424769 0.199074 0.209105 0.087963
0 0.439043 0.292245 0.205247 0.096065
0 0.458333 0.391204 0.214506 0.090278
0 0.476852 0.480903 0.223765 0.107639
0 0.489583 0.582755 0.227623 0.114583
0 0.518133 0.697338 0.239969 0.126157
0 0.241127 0.712384 0.253858 0.133102
0 0.229167 0.591435 0.246914 0.101852
0 0.220679 0.493634 0.236111 0.105324
0 0.208333 0.392940 0.226852 0.091435
0 0.201003 0.295718 0.224537 0.091435
0 0.189043 0.207755 0.223765 0.096065
