0 0.204475 0.211806 0.145062 0.085648
0 0.360340 0.225694 0.149691 0.078704
2 0.522377 0.312500 0.135802 0.087963
0 0.238812 0.383681 0.168981 0.091435
0 0.259259 0.473380 0.166667 0.094907
0 0.274691 0.574074 0.171296 0.099537
0 0.451389 0.575810 0.169753 0.100694
0 0.429398 0.480903 0.170525 0.096065
0 0.404707 0.388310 0.159722 0.091435
0 0.564429 0.402199 0.159722 0.072917
0 0.593364 0.487269 0.171296 0.085648
0 0.621528 0.580440 0.172068 0.100694
0 0.829475 0.266782 0.140432 0.072917
0 0.858025 0.336227 0.138889 0.072917
0 0.898534 0.424190 0.144290 0.077546
0 0.927469 0.502315 0.145062 0.078704
