0 0.296296 0.432292 0.140432 0.082176
0 0.328704 0.512731 0.143519 0.085648
0 0.361111 0.597222 0.157407 0.083333
0 0.399306 0.686921 0.144290 0.093750
0 0.432099 0.782986 0.155864 0.093750
0 0.568287 0.785301 0.136574 0.091435
0 0.696759 0.792245 0.125000 0.089120
0 0.660494 0.704282 0.123457 0.075231
0 0.621914 0.615162 0.123457 0.084491
0 0.583333 0.543981 0.120370 0.087963
0 0.548997 0.474537 0.133488 0.083333
0 0.425540 0.455440 0.130401 0.079861
0 0.461806 0.528935 0.130401 0.074074
0 0.500000 0.609375 0.137346 0.079861
0 0.537809 0.695602 0.143519 0.085648
