0 0.252701 0.751736 0.187500 0.114583
0 0.233410 0.641782 0.175154 0.091435
0 0.213349 0.546875 0.168981 0.082176
0 0.195988 0.460069 0.163580 0.093750
0 0.177855 0.376736 0.158179 0.093750
0 0.333333 0.392361 0.155864 0.078704
0 0.355324 0.470486 0.164352 0.084491
0 0.380787 0.560764 0.162809 0.086806
0 0.402778 0.655093 0.191358 0.090278
0 0.431327 0.745370 0.160494 0.097222
0 0.596836 0.755787 0.158179 0.087963
0 0.563272 0.652778 0.162037 0.083333
0 0.536651 0.570602 0.156636 0.078704
0 0.508873 0.485532 0.148920 0.082176
0 0.486111 0.408565 0.135802 0.076389
0 0.898920 0.674769 0.141975 0.092593
0 0.859568 0.587384 0.152778 0.082176
0 0.824846 0.506944 0.137346 0.069444
0 0.792824 0.432870 0.136574 0.071759
0 0.922068 0.432870 0.128086 0.071759
2 0.937114 0.859375 0.122685 0.100694
