0 0.674383 0.788194 0.240741 0.148148
0 0.667438 0.623843 0.231481 0.127315
0 0.659336 0.476273 0.215278 0.109954
0 0.654707 0.346065 0.206019 0.097222
0 0.646219 0.239583 0.204475 0.085648
0 0.643133 0.141782 0.189043 0.072917
0 0.455633 0.162616 0.182870 0.093750
0 0.450617 0.248843 0.185185 0.106481
0 0.444444 0.355324 0.191358 0.115741
0 0.440972 0.482639 0.213735 0.127315
0 0.430170 0.625000 0.222994 0.141204
0 0.415895 0.782986 0.253086 0.142361
0 0.175154 0.774306 0.228395 0.125000
0 0.201003 0.626736 0.218364 0.133102
0 0.224151 0.486111 0.204475 0.120370
0 0.246528 0.371528 0.195216 0.113426
0 0.266590 0.267361 0.176698 0.101852
0 0.279707 0.173032 0.178241 0.096065
