0 0.331019 0.108796 0.160494 0.078704
0 0.317515 0.200810 0.162809 0.082176
0 0.307099 0.306713 0.180556 0.099537
0 0.293210 0.418981 0.197531 0.118056
0 0.277392 0.543981 0.202932 0.127315
0 0.262731 0.690394 0.219907 0.135417
0 0.492284 0.686343 0.222222 0.141204
0 0.489198 0.543403 0.211420 0.142361
0 0.495756 0.411458 0.207562 0.119213
0 0.496142 0.292824 0.188272 0.118056
0 0.499228 0.189815 0.169753 0.101852
0 0.501543 0.096065 0.166667 0.092593
0 0.676312 0.085648 0.159722 0.092593
0 0.684799 0.178241 0.173611 0.090278
0 0.697531 0.289931 0.182099 0.098380
0 0.701775 0.402778 0.196759 0.120370
0 0.721836 0.537037 0.201389 0.141204
0 0.728009 0.688657 0.216821 0.164352
