0 0.640432 0.127315 0.168210 0.115741
0 0.654707 0.240162 0.176698 0.144676
0 0.665509 0.377315 0.204475 0.148148
0 0.679398 0.561343 0.235340 0.178241
0 0.692130 0.769676 0.248457 0.245370
0 0.465664 0.148148 0.168981 0.113426
0 0.456019 0.261574 0.185185 0.134259
0 0.442130 0.402778 0.203704 0.152778
0 0.437886 0.570023 0.224537 0.181713
0 0.424769 0.769676 0.246142 0.212963
0 0.298225 0.172454 0.165895 0.111111
0 0.272377 0.285301 0.188272 0.140046
0 0.242670 0.420139 0.198302 0.148148
0 0.212963 0.579282 0.229938 0.177083
0 0.177083 0.769676 0.243056 0.192130
