0 0.674383 0.798611 0.242284 0.162037
0 0.670525 0.625579 0.228395 0.144676
0 0.663580 0.480324 0.212963 0.122685
0 0.654707 0.346065 0.199846 0.094907
0 0.648534 0.239005 0.190586 0.086806
0 0.642361 0.138310 0.184414 0.072917
0 0.460648 0.155671 0.174383 0.098380
0 0.447917 0.252894 0.187500 0.096065
0 0.442515 0.361690 0.199846 0.119213
0 0.435571 0.486690 0.207562 0.128472
0 0.429012 0.635417 0.225309 0.148148
0 0.417052 0.778935 0.243056 0.141204
0 0.173225 0.782407 0.227623 0.134259
0 0.198688 0.633102 0.209105 0.122685
0 0.225309 0.495370 0.183642 0.108796
0 0.249228 0.365162 0.189815 0.109954
0 0.269676 0.263889 0.172068 0.101852
0 0.283179 0.170139 0.175926 0.094907
