0 0.337577 0.380208 0.158179 0.084491
0 0.354938 0.466435 0.160494 0.078704
0 0.373071 0.555556 0.168981 0.097222
0 0.393904 0.650463 0.172068 0.092593
0 0.405478 0.752315 0.176698 0.104167
0 0.578704 0.754051 0.175926 0.091435
0 0.757716 0.755787 0.171296 0.090278
0 0.560957 0.653356 0.171296 0.091435
0 0.532407 0.554977 0.171296 0.084491
0 0.515046 0.472222 0.168981 0.085648
0 0.488426 0.395255 0.163580 0.086806
0 0.640432 0.394097 0.148148 0.091435
0 0.673611 0.482639 0.163580 0.074074
0 0.697145 0.570602 0.164352 0.076389
0 0.724923 0.663773 0.165895 0.103009
