0 0.662423 0.145833 0.170525 0.115741
0 0.670525 0.268519 0.188272 0.136574
0 0.685957 0.401042 0.205247 0.160880
0 0.699074 0.587384 0.231481 0.207176
0 0.722608 0.817130 0.266204 0.226852
0 0.477623 0.164931 0.174383 0.116898
0 0.472222 0.278935 0.183642 0.131944
0 0.465278 0.426505 0.209877 0.160880
0 0.457176 0.603009 0.239969 0.187500
0 0.445602 0.818866 0.255401 0.214120
0 0.193673 0.815394 0.245370 0.207176
0 0.224151 0.614583 0.229167 0.182870
0 0.253472 0.445023 0.210648 0.160880
0 0.279707 0.299190 0.195216 0.137731
0 0.307099 0.184028 0.172840 0.120370
