0 0.313272 0.728009 0.180556 0.111111
0 0.307485 0.631944 0.173611 0.104167
0 0.303627 0.535880 0.175154 0.094907
0 0.300540 0.444444 0.170525 0.083333
0 0.295139 0.365162 0.158179 0.089120
0 0.462191 0.379630 0.152778 0.085648
0 0.472222 0.464120 0.160494 0.085648
0 0.479552 0.546875 0.176698 0.096065
0 0.489583 0.638310 0.176698 0.103009
0 0.500000 0.739005 0.183642 0.107639
0 0.686343 0.753472 0.182870 0.113426
0 0.667438 0.645255 0.179012 0.100694
0 0.651620 0.555556 0.167438 0.087963
0 0.637346 0.473380 0.162037 0.085648
0 0.621142 0.391782 0.149691 0.072917
