0 0.621528 0.815972 0.243056 0.168981
0 0.612654 0.649884 0.243827 0.135417
0 0.607253 0.511574 0.208333 0.118056
0 0.602238 0.385417 0.199846 0.101852
0 0.602238 0.281250 0.192130 0.090278
0 0.593750 0.190394 0.165895 0.082176
0 0.412423 0.192708 0.173611 0.089120
0 0.404321 0.284722 0.179012 0.101852
0 0.394676 0.396412 0.193673 0.100694
0 0.387731 0.506366 0.213735 0.107639
0 0.370370 0.642361 0.236111 0.134259
0 0.368441 0.808449 0.235340 0.128472
0 0.120370 0.802083 0.225309 0.141204
0 0.148534 0.644676 0.218364 0.129630
0 0.180941 0.513889 0.207562 0.118056
0 0.201003 0.396412 0.189043 0.114583
0 0.221451 0.295139 0.179012 0.104167
0 0.241127 0.203704 0.172068 0.087963
