0 0.639275 0.127894 0.159722 0.121528
0 0.463735 0.146412 0.172840 0.114583
0 0.302469 0.168403 0.165123 0.114583
0 0.648534 0.246528 0.184414 0.134259
0 0.458333 0.259259 0.189815 0.141204
0 0.275463 0.281250 0.185185 0.134259
0 0.660108 0.378472 0.209105 0.152778
0 0.446759 0.394097 0.203704 0.160880
0 0.246914 0.415509 0.203704 0.155093
0 0.213735 0.578125 0.220679 0.177083
0 0.433642 0.563079 0.237654 0.190972
0 0.669753 0.550347 0.229938 0.202546
0 0.685957 0.759838 0.256173 0.237269
0 0.421682 0.771412 0.247685 0.218750
0 0.180941 0.772569 0.236883 0.202546
