0 0.702932 0.817130 0.191358 0.097222
0 0.673997 0.713542 0.181327 0.091435
0 0.658565 0.623843 0.176698 0.094907
0 0.645062 0.539931 0.165123 0.082176
0 0.623843 0.458333 0.150463 0.081019
0 0.458333 0.460648 0.158951 0.076389
0 0.474537 0.537616 0.166667 0.077546
0 0.489969 0.625579 0.172840 0.089120
0 0.501543 0.711806 0.186728 0.090278
0 0.516590 0.811343 0.185957 0.092593
0 0.321373 0.816551 0.192130 0.093750
0 0.315972 0.717014 0.190586 0.091435
0 0.311728 0.623843 0.175926 0.087963
0 0.305556 0.531250 0.169753 0.081019
0 0.300926 0.453704 0.160494 0.078704
