0 0.152006 0.195602 0.246914 0.108796
0 0.163966 0.294560 0.250772 0.107639
0 0.180170 0.402778 0.258488 0.113426
0 0.197145 0.512731 0.277006 0.125000
0 0.208719 0.631366 0.286265 0.126157
0 0.222994 0.754630 0.293210 0.125000
0 0.513503 0.765625 0.270833 0.128472
0 0.493056 0.641782 0.274691 0.114583
0 0.471451 0.525463 0.270062 0.118056
0 0.448688 0.416667 0.266204 0.120370
0 0.429784 0.309606 0.259259 0.109954
0 0.411265 0.210069 0.256173 0.109954
0 0.661265 0.228009 0.243827 0.097222
0 0.687500 0.323495 0.254630 0.105324
0 0.719522 0.425347 0.261574 0.107639
0 0.743827 0.532407 0.271605 0.127315
0 0.780093 0.653356 0.293210 0.119213
0 0.823302 0.773148 0.279321 0.129630
