0 0.217978 0.166667 0.226080 0.111111
0 0.223765 0.255208 0.231481 0.109954
0 0.230710 0.351852 0.239198 0.108796
0 0.244599 0.453704 0.250000 0.113426
0 0.248071 0.559028 0.253858 0.120370
0 0.258102 0.675926 0.252315 0.127315
0 0.527006 0.695023 0.242284 0.126157
0 0.511960 0.583333 0.249228 0.122685
0 0.494985 0.476852 0.238426 0.111111
0 0.481096 0.381366 0.229167 0.107639
0 0.465278 0.285301 0.223765 0.105324
0 0.454090 0.190394 0.221451 0.107639
0 0.678241 0.216435 0.219136 0.101852
0 0.698302 0.306134 0.226852 0.100694
0 0.722608 0.400463 0.227623 0.104167
0 0.741127 0.497106 0.232253 0.100694
0 0.763117 0.604745 0.251543 0.109954
0 0.786651 0.711227 0.252315 0.123843
