1 0.471836 0.186921 0.127315 0.089120
1 0.704861 0.578704 0.195216 0.090278
0 0.717978 0.689236 0.193673 0.112269
0 0.674383 0.479167 0.175926 0.099537
0 0.661651 0.388310 0.170525 0.098380
0 0.645448 0.302083 0.159722 0.087963
0 0.478395 0.290509 0.165123 0.083333
0 0.488812 0.375579 0.170525 0.093750
0 0.500386 0.467014 0.176698 0.098380
0 0.516590 0.568866 0.192130 0.105324
0 0.527006 0.675347 0.192901 0.114583
0 0.331019 0.664931 0.185185 0.107639
0 0.326775 0.553241 0.185957 0.111111
0 0.323302 0.453125 0.183642 0.103009
0 0.315201 0.355324 0.173611 0.094907
0 0.312114 0.276620 0.173611 0.092593
