0 0.158565 0.146412 0.255401 0.114583
0 0.172454 0.252315 0.270833 0.118056
0 0.183256 0.358796 0.267747 0.127315
0 0.191358 0.469907 0.276235 0.125000
0 0.204475 0.586227 0.287037 0.126157
0 0.213349 0.711227 0.292438 0.133102
0 0.508102 0.729167 0.277006 0.150463
0 0.491512 0.603009 0.279321 0.129630
0 0.469136 0.485532 0.276235 0.123843
0 0.448688 0.377894 0.264660 0.116898
0 0.435571 0.273727 0.260031 0.119213
0 0.420139 0.174769 0.253858 0.118056
0 0.671682 0.189815 0.250772 0.113426
0 0.696759 0.289352 0.262346 0.115741
0 0.722994 0.392361 0.266975 0.122685
0 0.744213 0.503472 0.277006 0.127315
0 0.775077 0.619792 0.293981 0.133102
0 0.800540 0.745949 0.304784 0.140046
