0 0.576775 0.086227 0.155093 0.096065
0 0.401235 0.112847 0.160494 0.089120
0 0.212963 0.228588 0.169753 0.105324
0 0.193673 0.328125 0.179012 0.112269
0 0.172840 0.450231 0.189815 0.120370
0 0.148148 0.582755 0.197531 0.128472
0 0.137346 0.739583 0.214506 0.148148
0 0.367284 0.717014 0.226852 0.140046
0 0.373071 0.564815 0.216821 0.152778
0 0.619985 0.706019 0.236883 0.166667
0 0.610340 0.543403 0.216049 0.158565
0 0.601852 0.409144 0.195988 0.146991
0 0.589892 0.286458 0.184414 0.109954
0 0.587191 0.178241 0.171296 0.106481
0 0.391590 0.199653 0.168981 0.103009
0 0.385417 0.309028 0.190586 0.113426
0 0.380787 0.425347 0.198302 0.128472
