0 0.739969 0.707755 0.191358 0.107639
1 0.723380 0.603588 0.185957 0.100694
1 0.489969 0.215856 0.132716 0.093750
0 0.698688 0.501157 0.172068 0.092593
0 0.676312 0.412037 0.176698 0.085648
0 0.662037 0.329282 0.174383 0.082176
0 0.495370 0.318866 0.165123 0.091435
0 0.506173 0.401042 0.179012 0.093750
0 0.521991 0.492477 0.172068 0.105324
0 0.532793 0.593750 0.193673 0.104167
0 0.552855 0.704861 0.189043 0.115741
0 0.356867 0.696759 0.190586 0.104167
0 0.346065 0.590856 0.185957 0.109954
0 0.337191 0.487269 0.185185 0.099537
0 0.329475 0.395255 0.171296 0.093750
0 0.324074 0.310764 0.165123 0.084491
