0 0.606867 0.678241 0.226080 0.131944
0 0.600309 0.526620 0.223765 0.131944
0 0.597222 0.392361 0.209877 0.122685
0 0.591435 0.274884 0.196759 0.119213
0 0.586420 0.168403 0.185185 0.105324
0 0.582948 0.075810 0.173611 0.098380
0 0.407022 0.084491 0.164352 0.094907
0 0.398534 0.176505 0.176698 0.103009
0 0.391975 0.286458 0.185185 0.114583
0 0.388503 0.403935 0.199846 0.127315
0 0.377701 0.539931 0.218364 0.142361
0 0.372685 0.685185 0.223765 0.138889
0 0.151620 0.689815 0.216821 0.134259
0 0.169367 0.546296 0.207562 0.134259
0 0.185571 0.417245 0.202932 0.130787
0 0.202932 0.293981 0.189815 0.106481
0 0.219522 0.199074 0.184414 0.111111
0 0.236497 0.107060 0.178241 0.103009
