0 0.592593 0.084491 0.166667 0.099537
0 0.595679 0.173032 0.177469 0.100694
0 0.604167 0.285301 0.185185 0.107639
0 0.608025 0.412037 0.203704 0.131944
0 0.619599 0.538194 0.202160 0.152778
0 0.631173 0.701389 0.223765 0.145833
0 0.382716 0.723380 0.220679 0.145833
0 0.153935 0.725116 0.206019 0.146991
0 0.177083 0.578704 0.209105 0.141204
0 0.387731 0.557292 0.212191 0.142361
0 0.396605 0.417245 0.199074 0.126157
0 0.195988 0.443287 0.186728 0.122685
0 0.402006 0.299190 0.192901 0.135417
0 0.407407 0.199074 0.175926 0.122685
0 0.411651 0.107060 0.167438 0.105324
0 0.243827 0.133102 0.155864 0.099537
0 0.227238 0.225116 0.167438 0.100694
0 0.214892 0.325231 0.176698 0.097222
