0 0.295139 0.405671 0.153549 0.084491
0 0.312114 0.486690 0.162809 0.084491
0 0.328704 0.573495 0.168210 0.093750
0 0.345679 0.667245 0.175926 0.100694
0 0.358410 0.770255 0.179784 0.105324
0 0.540509 0.779514 0.172068 0.098380
0 0.519290 0.679977 0.165123 0.096065
0 0.494985 0.586227 0.155093 0.093750
0 0.476080 0.501157 0.155864 0.087963
0 0.457176 0.417824 0.152006 0.076389
0 0.603009 0.431134 0.153549 0.079861
0 0.633873 0.505787 0.159722 0.083333
0 0.657407 0.590278 0.148148 0.092593
0 0.689429 0.688657 0.164352 0.090278
0 0.714506 0.784144 0.168210 0.091435
0 0.922068 0.460069 0.146605 0.079861
