2 0.752315 0.921296 0.148148 0.108796
0 0.579861 0.823495 0.184414 0.109954
0 0.398534 0.826968 0.181327 0.100694
0 0.372685 0.719329 0.174383 0.091435
0 0.359954 0.631944 0.162809 0.090278
0 0.341435 0.525463 0.159722 0.083333
0 0.317515 0.449653 0.156636 0.065972
0 0.550926 0.721644 0.174383 0.084491
0 0.529707 0.633102 0.165895 0.078704
0 0.501543 0.545139 0.158951 0.083333
0 0.479938 0.460069 0.160494 0.084491
0 0.631173 0.466435 0.152778 0.078704
0 0.659722 0.548611 0.152778 0.083333
0 0.692130 0.633681 0.160494 0.082176
0 0.717207 0.727431 0.159722 0.093750
