0 0.110725 0.186921 0.219907 0.086806
0 0.113812 0.280093 0.226080 0.083333
0 0.123071 0.383681 0.244599 0.091435
0 0.128858 0.494213 0.256173 0.097222
0 0.131559 0.606481 0.261574 0.111111
0 0.138503 0.719329 0.275463 0.109954
0 0.426312 0.721065 0.277006 0.108796
0 0.413966 0.604745 0.267747 0.103009
0 0.397377 0.494213 0.260802 0.101852
0 0.380787 0.391782 0.247685 0.100694
0 0.366127 0.287616 0.244599 0.100694
0 0.354552 0.188657 0.238426 0.092593
0 0.597608 0.203704 0.236883 0.090278
0 0.616898 0.296296 0.243056 0.092593
0 0.637731 0.390625 0.252315 0.091435
0 0.664352 0.494792 0.259259 0.100694
0 0.690972 0.604745 0.275463 0.107639
0 0.714506 0.715856 0.271605 0.105324
