0 0.264660 0.274306 0.166667 0.076389
0 0.279707 0.358796 0.165895 0.069444
0 0.292824 0.438079 0.165895 0.091435
0 0.310957 0.528935 0.179012 0.097222
0 0.328318 0.629051 0.189043 0.098380
0 0.506559 0.624421 0.179784 0.084491
0 0.484568 0.532407 0.175926 0.085648
0 0.460262 0.440972 0.162809 0.081019
0 0.442515 0.355903 0.158179 0.077546
0 0.415509 0.282407 0.148920 0.076389
0 0.571759 0.278935 0.155864 0.074074
0 0.597994 0.360532 0.162037 0.077546
0 0.631944 0.443866 0.174383 0.093750
0 0.648148 0.532407 0.189815 0.090278
0 0.682870 0.624421 0.182099 0.098380
