0 0.532022 0.261574 0.138117 0.078704
0 0.620370 0.807292 0.186728 0.109954
0 0.606867 0.703704 0.173611 0.113426
0 0.595293 0.616898 0.170525 0.101852
0 0.576775 0.522569 0.159722 0.084491
0 0.557870 0.437500 0.157407 0.090278
0 0.396605 0.417824 0.149691 0.090278
0 0.409336 0.503472 0.168981 0.094907
0 0.416667 0.591435 0.166667 0.104167
0 0.427083 0.684606 0.179784 0.105324
0 0.437114 0.789352 0.182870 0.115741
0 0.239583 0.771412 0.185957 0.112269
0 0.238040 0.664352 0.179784 0.104167
0 0.235725 0.567130 0.172068 0.108796
0 0.233796 0.477431 0.168210 0.096065
0 0.230710 0.397569 0.152778 0.093750
