0 0.648920 0.660880 0.223765 0.157407
0 0.643519 0.512731 0.212963 0.150463
0 0.632716 0.380787 0.200617 0.125000
0 0.630401 0.258102 0.189815 0.118056
0 0.625000 0.161458 0.177469 0.105324
0 0.619213 0.069444 0.161265 0.101852
0 0.441358 0.080440 0.171296 0.096065
0 0.437114 0.167245 0.185957 0.100694
0 0.433642 0.267940 0.195988 0.119213
0 0.426312 0.385995 0.209105 0.128472
0 0.403935 0.667824 0.215278 0.162037
0 0.191744 0.664352 0.215278 0.155093
0 0.209877 0.518519 0.216049 0.134259
0 0.228781 0.392940 0.196759 0.121528
0 0.249614 0.280671 0.176698 0.119213
0 0.261574 0.180556 0.183642 0.106481
0 0.271991 0.097801 0.170525 0.093750
1 0.418210 0.515046 0.220679 0.125000
