0 0.647377 0.064815 0.155864 0.099537
0 0.659336 0.159722 0.168981 0.099537
0 0.668210 0.272569 0.188272 0.123843
0 0.680941 0.401042 0.192130 0.130787
0 0.695216 0.539931 0.206790 0.137731
0 0.706790 0.700231 0.222222 0.157407
0 0.469136 0.083333 0.166667 0.094907
0 0.463735 0.179977 0.182099 0.107639
0 0.459877 0.287616 0.192901 0.114583
0 0.459877 0.410301 0.205247 0.133102
0 0.453318 0.546296 0.206019 0.155093
0 0.456404 0.710648 0.218364 0.171296
0 0.215278 0.712963 0.219136 0.157407
0 0.237269 0.566551 0.210648 0.140046
0 0.248843 0.428819 0.199846 0.135417
0 0.263117 0.310185 0.183642 0.125000
0 0.279321 0.200231 0.182099 0.111111
0 0.290123 0.102431 0.169753 0.112269
