0 0.324846 0.528935 0.183642 0.111111
0 0.508102 0.530093 0.185957 0.104167
0 0.681713 0.540509 0.175154 0.092593
0 0.651235 0.436921 0.172840 0.091435
0 0.624614 0.342014 0.178241 0.084491
0 0.604552 0.246528 0.170525 0.069444
0 0.582562 0.175347 0.177469 0.096065
0 0.415895 0.160880 0.169753 0.085648
0 0.432870 0.248264 0.174383 0.086806
0 0.457562 0.336227 0.177469 0.086806
0 0.484182 0.429977 0.176698 0.089120
0 0.302469 0.424769 0.195988 0.104167
0 0.287809 0.325810 0.186728 0.100694
0 0.266590 0.229167 0.173611 0.104167
0 0.254630 0.145255 0.172840 0.091435
