0 0.128472 0.232060 0.255401 0.114583
0 0.135802 0.337384 0.270062 0.114583
0 0.145448 0.438079 0.270833 0.123843
0 0.157022 0.549769 0.284722 0.131944
0 0.168596 0.671296 0.298611 0.131944
0 0.178241 0.799190 0.302469 0.137731
0 0.475694 0.813657 0.290895 0.141204
0 0.457176 0.686921 0.286265 0.128472
0 0.437886 0.565972 0.275463 0.129630
0 0.418596 0.457755 0.267747 0.128472
0 0.403549 0.353588 0.265432 0.119213
0 0.391204 0.254051 0.254630 0.116898
0 0.643519 0.271412 0.253086 0.112269
0 0.665123 0.368056 0.263889 0.120370
0 0.690972 0.472222 0.269290 0.118056
0 0.716435 0.585648 0.277006 0.127315
0 0.744985 0.702546 0.284722 0.134259
0 0.772762 0.824074 0.297068 0.141204
