0 0.670139 0.791088 0.241512 0.149306
0 0.665123 0.620370 0.234568 0.131944
0 0.658951 0.482639 0.211420 0.108796
0 0.656250 0.356481 0.206019 0.087963
0 0.647762 0.239005 0.190586 0.082176
0 0.646219 0.146412 0.178241 0.072917
0 0.451389 0.152778 0.169753 0.069444
0 0.450231 0.255787 0.181327 0.078704
0 0.445602 0.361111 0.181327 0.097222
0 0.438272 0.484375 0.202160 0.109954
0 0.428627 0.632523 0.213735 0.142361
0 0.421682 0.792245 0.222994 0.156250
0 0.177855 0.788773 0.229167 0.144676
0 0.203704 0.624421 0.212963 0.128472
0 0.220293 0.491898 0.199846 0.129630
0 0.241898 0.370370 0.187500 0.106481
0 0.266204 0.266782 0.180556 0.100694
0 0.280864 0.173032 0.162037 0.093750
