0 0.624614 0.730903 0.236883 0.158565
0 0.612269 0.570023 0.215278 0.142361
0 0.609568 0.435185 0.205247 0.125000
0 0.602238 0.316551 0.192130 0.109954
0 0.592978 0.210648 0.179784 0.101852
0 0.592207 0.116898 0.164352 0.085648
0 0.410880 0.125000 0.173611 0.097222
0 0.399691 0.218750 0.180556 0.101852
0 0.392361 0.326389 0.189043 0.111111
0 0.385417 0.443287 0.210648 0.120370
0 0.373843 0.580440 0.224537 0.137731
0 0.371528 0.737269 0.244599 0.145833
0 0.125386 0.734954 0.227623 0.131944
0 0.152778 0.590856 0.217593 0.130787
0 0.173611 0.455440 0.208333 0.121528
0 0.201775 0.335648 0.192130 0.113426
0 0.213349 0.233796 0.187500 0.104167
0 0.235725 0.135995 0.168981 0.084491
