0 0.309414 0.403356 0.145062 0.082176
0 0.336806 0.482060 0.147377 0.079861
0 0.374614 0.560764 0.158179 0.084491
0 0.412423 0.643519 0.150463 0.083333
0 0.449460 0.737269 0.158179 0.092593
0 0.586034 0.744213 0.155093 0.094907
0 0.551698 0.655671 0.146605 0.100694
0 0.508873 0.574653 0.145833 0.084491
0 0.468750 0.495370 0.135031 0.078704
0 0.437114 0.421296 0.122685 0.074074
0 0.553627 0.434606 0.110340 0.075231
0 0.598765 0.512153 0.123457 0.079861
0 0.635031 0.587963 0.126543 0.081019
0 0.669753 0.665509 0.128086 0.071759
0 0.714120 0.745949 0.130401 0.077546
