0 0.684028 0.818866 0.235340 0.234954
0 0.668210 0.601273 0.217593 0.179398
0 0.648534 0.424190 0.189043 0.158565
0 0.636188 0.281250 0.178241 0.141204
0 0.623457 0.172454 0.165123 0.113426
0 0.444830 0.185764 0.162809 0.126157
0 0.441744 0.309606 0.179784 0.128472
0 0.435957 0.441551 0.212963 0.167824
0 0.422840 0.622106 0.231481 0.195602
0 0.421296 0.826389 0.236111 0.215278
0 0.173611 0.830440 0.242284 0.195602
0 0.206019 0.630787 0.225309 0.180556
0 0.231481 0.462963 0.200617 0.159722
0 0.257330 0.329282 0.184414 0.119213
0 0.281250 0.205440 0.162809 0.123843
