0 0.651235 0.132523 0.171296 0.112269
0 0.476466 0.152199 0.165895 0.109954
0 0.306713 0.175347 0.168981 0.107639
0 0.287809 0.289352 0.180556 0.131944
0 0.261188 0.426505 0.198302 0.140046
0 0.227238 0.583912 0.213735 0.165509
0 0.192901 0.778356 0.234568 0.188657
0 0.469136 0.267940 0.183642 0.140046
0 0.459877 0.410880 0.209877 0.166667
0 0.447145 0.579282 0.226080 0.179398
0 0.436728 0.787037 0.240741 0.199074
0 0.686343 0.785880 0.235340 0.222222
0 0.681327 0.573495 0.220679 0.186343
0 0.672840 0.402199 0.200617 0.140046
0 0.658951 0.250000 0.180556 0.122685
