0 0.442515 0.406829 0.127315 0.075231
0 0.572145 0.429977 0.114969 0.061343
0 0.683256 0.440972 0.108796 0.071759
0 0.468364 0.480324 0.128086 0.076389
0 0.504244 0.563079 0.131944 0.084491
0 0.542438 0.648148 0.138889 0.092593
0 0.577160 0.738426 0.145062 0.090278
0 0.716049 0.748843 0.138889 0.090278
0 0.676312 0.662037 0.139660 0.087963
0 0.636960 0.578125 0.135031 0.084491
0 0.601466 0.500579 0.118056 0.075231
0 0.845293 0.767940 0.133488 0.086806
0 0.798225 0.673032 0.124228 0.082176
0 0.762346 0.597222 0.125000 0.081019
0 0.721451 0.520255 0.129630 0.072917
0 0.254244 0.717014 0.170525 0.100694
0 0.222994 0.618634 0.162037 0.098380
0 0.192130 0.524884 0.162037 0.089120
0 0.173225 0.445023 0.156636 0.082176
0 0.149306 0.366319 0.147377 0.079861
0 0.067515 0.603588 0.133488 0.086806
0 0.084877 0.707176 0.157407 0.094907
