0 0.212963 0.168403 0.239198 0.107639
0 0.226466 0.265625 0.244599 0.105324
0 0.232253 0.362269 0.245370 0.113426
0 0.238812 0.465278 0.261574 0.113426
0 0.252315 0.581597 0.263889 0.119213
0 0.261574 0.699074 0.268519 0.115741
0 0.545525 0.714120 0.257716 0.127315
0 0.525077 0.593171 0.258488 0.116898
0 0.509645 0.489005 0.249228 0.107639
0 0.493441 0.381366 0.249228 0.112269
0 0.475309 0.282986 0.236111 0.109954
0 0.460648 0.188657 0.234568 0.106481
0 0.699460 0.204861 0.238426 0.099537
0 0.720293 0.297454 0.243056 0.099537
0 0.740355 0.391782 0.243056 0.114583
0 0.764660 0.497685 0.263889 0.115741
0 0.795910 0.608218 0.261574 0.119213
0 0.820602 0.723380 0.272377 0.129630
