0 0.675926 0.130208 0.160494 0.075231
0 0.692515 0.214120 0.173611 0.097222
0 0.698302 0.319444 0.174383 0.101852
0 0.716049 0.444444 0.200617 0.125000
0 0.734568 0.578125 0.216049 0.133102
0 0.742284 0.744213 0.223765 0.171296
0 0.480324 0.758102 0.235340 0.175926
0 0.495756 0.150463 0.167438 0.087963
0 0.491898 0.233796 0.170525 0.092593
0 0.492284 0.340856 0.183642 0.109954
0 0.492284 0.457755 0.205247 0.116898
0 0.490355 0.596065 0.226080 0.136574
0 0.322531 0.169560 0.162037 0.093750
0 0.309799 0.254630 0.176698 0.094907
0 0.289352 0.356481 0.180556 0.108796
0 0.278935 0.470486 0.202932 0.123843
0 0.256559 0.600116 0.213735 0.133102
0 0.239198 0.756944 0.236111 0.143519
