0 0.653549 0.723380 0.236111 0.157407
0 0.646991 0.558449 0.216821 0.142361
0 0.636574 0.422454 0.206790 0.131944
0 0.633488 0.295139 0.189815 0.118056
0 0.628086 0.184606 0.185185 0.098380
0 0.622299 0.094907 0.162809 0.083333
0 0.440586 0.107060 0.169753 0.089120
0 0.433256 0.203125 0.181327 0.096065
0 0.427469 0.308449 0.194444 0.107639
0 0.421682 0.425347 0.210648 0.128472
0 0.406636 0.572917 0.223765 0.136574
0 0.397377 0.721644 0.245370 0.149306
0 0.160108 0.722801 0.226080 0.146991
0 0.184414 0.574653 0.216049 0.142361
0 0.209491 0.439815 0.201389 0.118056
0 0.231481 0.321759 0.186728 0.122685
0 0.249228 0.215278 0.177469 0.106481
0 0.265818 0.126736 0.165895 0.093750
