0 0.620756 0.660301 0.182870 0.096065
0 0.591821 0.565394 0.171296 0.086806
0 0.556327 0.476273 0.165123 0.089120
0 0.522762 0.390625 0.156636 0.079861
0 0.499614 0.318287 0.148920 0.076389
0 0.350694 0.309606 0.156636 0.082176
0 0.370370 0.385995 0.158951 0.084491
0 0.398534 0.473380 0.162809 0.092593
0 0.426698 0.566551 0.162037 0.082176
0 0.459877 0.662037 0.171296 0.099537
0 0.279707 0.668981 0.185957 0.099537
0 0.258488 0.563079 0.174383 0.096065
0 0.231867 0.466435 0.159722 0.076389
0 0.214506 0.382523 0.160494 0.079861
0 0.193287 0.299769 0.159722 0.081019
