0 0.302855 0.543981 0.190586 0.099537
0 0.280478 0.446759 0.179784 0.085648
0 0.258873 0.344329 0.173611 0.096065
0 0.231867 0.257523 0.161265 0.082176
0 0.220293 0.175926 0.164352 0.085648
0 0.378086 0.182292 0.160494 0.079861
0 0.402778 0.260417 0.166667 0.076389
0 0.433256 0.349537 0.175154 0.092593
0 0.456790 0.440972 0.163580 0.085648
0 0.480710 0.545718 0.182099 0.096065
0 0.663580 0.542824 0.171296 0.083333
0 0.629244 0.440394 0.176698 0.079861
0 0.591821 0.345486 0.171296 0.089120
0 0.563272 0.262153 0.160494 0.077546
0 0.537809 0.186343 0.152778 0.071759
