0 0.749228 0.718750 0.182099 0.094907
0 0.729938 0.623843 0.172840 0.090278
0 0.704475 0.535880 0.171296 0.087963
0 0.677469 0.449074 0.163580 0.081019
0 0.658951 0.377315 0.152778 0.078704
0 0.500772 0.369213 0.162037 0.076389
0 0.519676 0.449653 0.167438 0.079861
0 0.536265 0.532986 0.175926 0.091435
0 0.555556 0.620370 0.171296 0.090278
0 0.575231 0.718750 0.175154 0.092593
0 0.393519 0.722222 0.182099 0.092593
0 0.379244 0.623264 0.175154 0.089120
0 0.364198 0.528935 0.174383 0.090278
0 0.350694 0.443866 0.168981 0.077546
0 0.341049 0.363426 0.158951 0.078704
