1 0.525463 0.640625 0.186728 0.126157
1 0.466049 0.148148 0.132716 0.076389
0 0.321373 0.627894 0.182870 0.116898
0 0.317901 0.520833 0.180556 0.106481
0 0.311343 0.416088 0.176698 0.098380
0 0.304784 0.324653 0.169753 0.093750
0 0.297840 0.238426 0.162037 0.092593
0 0.474151 0.251736 0.155093 0.089120
0 0.481096 0.335069 0.168981 0.098380
0 0.496914 0.432870 0.171296 0.094907
0 0.510417 0.525463 0.175154 0.097222
0 0.713735 0.656250 0.177469 0.104167
0 0.693287 0.548032 0.178241 0.107639
0 0.674383 0.449074 0.175926 0.101852
0 0.656636 0.353588 0.166667 0.098380
0 0.636960 0.262731 0.155093 0.078704
