1 0.306713 0.707755 0.179784 0.096065
0 0.478781 0.690972 0.170525 0.094907
0 0.645448 0.689236 0.158179 0.096065
0 0.620756 0.592593 0.162809 0.087963
0 0.465278 0.598958 0.171296 0.065972
0 0.288580 0.603588 0.172840 0.082176
0 0.261188 0.510417 0.168981 0.083333
0 0.423225 0.504630 0.158179 0.076389
0 0.586806 0.503472 0.156636 0.083333
0 0.555170 0.420718 0.156636 0.065972
0 0.526235 0.347222 0.149691 0.067130
0 0.370756 0.348958 0.155093 0.065972
0 0.399306 0.420139 0.165895 0.071759
0 0.243827 0.429398 0.158951 0.071759
0 0.221451 0.354745 0.152778 0.065972
0 0.827160 0.356481 0.140432 0.062500
0 0.866898 0.427662 0.152006 0.059028
0 0.903164 0.504051 0.165895 0.077546
