0 0.409336 0.684028 0.181327 0.111111
0 0.404321 0.581019 0.171296 0.101852
0 0.400463 0.483218 0.177469 0.096065
0 0.395833 0.392940 0.160494 0.089120
0 0.393519 0.311343 0.158951 0.090278
0 0.557870 0.322338 0.151235 0.075231
0 0.564043 0.401620 0.163580 0.087963
0 0.581790 0.491898 0.177469 0.094907
0 0.592593 0.589699 0.182099 0.105324
0 0.603781 0.694444 0.189043 0.106481
0 0.791667 0.706019 0.192901 0.097222
0 0.772377 0.598380 0.174383 0.101852
0 0.752701 0.505787 0.170525 0.101852
0 0.738812 0.416088 0.170525 0.091435
0 0.724923 0.334491 0.155093 0.078704
