2 0.297840 0.901620 0.171296 0.111111
2 0.465664 0.912037 0.153549 0.122685
2 0.630401 0.915509 0.168210 0.118056
0 0.238040 0.422454 0.147377 0.083333
0 0.253472 0.505787 0.156636 0.085648
0 0.271219 0.592593 0.161265 0.092593
0 0.287809 0.677083 0.158951 0.101852
0 0.457176 0.695602 0.164352 0.092593
0 0.431713 0.600116 0.155093 0.086806
0 0.410880 0.519676 0.155093 0.081019
0 0.385031 0.435185 0.145062 0.074074
0 0.533951 0.451389 0.148148 0.078704
0 0.563272 0.534144 0.155864 0.082176
0 0.591435 0.619792 0.150463 0.082176
0 0.624614 0.712384 0.158179 0.089120
