0 0.332176 0.574074 0.189043 0.106481
0 0.310185 0.465278 0.174383 0.092593
0 0.295525 0.367477 0.177469 0.089120
0 0.269676 0.281250 0.170525 0.076389
0 0.250772 0.199653 0.165123 0.079861
0 0.411265 0.200231 0.154321 0.081019
0 0.435957 0.285880 0.162037 0.085648
0 0.464120 0.374421 0.172068 0.086806
0 0.489583 0.470486 0.184414 0.089120
0 0.511574 0.568287 0.171296 0.092593
0 0.682485 0.557292 0.173611 0.084491
0 0.651235 0.464699 0.172840 0.091435
0 0.621914 0.376157 0.168210 0.085648
0 0.593750 0.291088 0.168981 0.084491
0 0.564043 0.205440 0.157407 0.079861
0 0.880787 0.215278 0.141204 0.074074
0 0.925154 0.295139 0.137346 0.069444
