0 0.283565 0.696181 0.255401 0.121528
0 0.277778 0.581019 0.248457 0.113426
0 0.269676 0.479745 0.244599 0.116898
0 0.259645 0.383102 0.244599 0.118056
0 0.250772 0.288194 0.237654 0.113426
0 0.246142 0.197338 0.222222 0.100694
0 0.544367 0.714120 0.247685 0.122685
0 0.533565 0.605324 0.236883 0.108796
0 0.516590 0.504051 0.239969 0.121528
0 0.499228 0.403356 0.231481 0.109954
0 0.487654 0.310764 0.225309 0.107639
0 0.475309 0.216435 0.220679 0.101852
0 0.814043 0.738426 0.253086 0.127315
0 0.789352 0.631944 0.254630 0.125000
0 0.768904 0.524884 0.250772 0.123843
0 0.745370 0.425926 0.242284 0.108796
0 0.722222 0.329861 0.226852 0.099537
0 0.702932 0.243056 0.222222 0.101852
