1 0.425540 0.520833 0.206019 0.134259
0 0.657022 0.660301 0.229167 0.153935
0 0.648534 0.511574 0.224537 0.125000
0 0.641204 0.380208 0.208333 0.112269
0 0.633873 0.266782 0.196759 0.093750
0 0.628472 0.162037 0.179784 0.083333
0 0.623071 0.074074 0.170525 0.074074
0 0.450231 0.084491 0.167438 0.094907
0 0.444444 0.175347 0.174383 0.098380
0 0.433256 0.282407 0.179784 0.106481
0 0.427469 0.388310 0.191358 0.107639
0 0.416281 0.659144 0.224537 0.135417
0 0.199460 0.657986 0.215278 0.112269
0 0.213735 0.528935 0.209877 0.134259
0 0.233410 0.405093 0.190586 0.134259
0 0.251543 0.291088 0.188272 0.112269
0 0.269676 0.189815 0.175154 0.101852
0 0.282793 0.100694 0.173611 0.101852
