0 0.625386 0.751157 0.165895 0.092593
0 0.469136 0.756944 0.172840 0.090278
0 0.294367 0.770255 0.179784 0.079861
0 0.804784 0.421296 0.134259 0.060185
0 0.844907 0.491898 0.140432 0.062500
0 0.886574 0.570023 0.146605 0.072917
0 0.923225 0.649306 0.138117 0.074074
0 0.931327 0.423032 0.123457 0.061343
0 0.594522 0.655093 0.167438 0.078704
0 0.431327 0.655093 0.158951 0.092593
0 0.265818 0.663773 0.172068 0.082176
0 0.197531 0.412616 0.135802 0.082176
0 0.349537 0.405093 0.155864 0.064815
0 0.500386 0.414352 0.141204 0.064815
0 0.526620 0.479745 0.155093 0.077546
0 0.562114 0.568866 0.150463 0.072917
0 0.403935 0.566551 0.167438 0.077546
0 0.378858 0.481481 0.148148 0.069444
