0 0.615741 0.101852 0.155864 0.115741
0 0.446373 0.127315 0.162809 0.115741
0 0.282022 0.149306 0.162809 0.104167
0 0.261188 0.259259 0.181327 0.122685
0 0.626543 0.219907 0.172840 0.129630
0 0.633873 0.350116 0.184414 0.130787
0 0.650463 0.520255 0.191358 0.181713
0 0.659336 0.726852 0.230710 0.224537
0 0.443673 0.238426 0.169753 0.134259
0 0.434414 0.372685 0.183642 0.143519
0 0.241898 0.394097 0.190586 0.137731
0 0.425154 0.539352 0.205247 0.175926
0 0.214506 0.545139 0.214506 0.173611
0 0.413580 0.730324 0.231481 0.203704
0 0.185957 0.736690 0.223765 0.193287
