0 0.190201 0.155671 0.241512 0.105324
0 0.194059 0.248264 0.243056 0.105324
0 0.208719 0.346065 0.261574 0.113426
0 0.219136 0.450231 0.268519 0.113426
0 0.231481 0.565394 0.270062 0.109954
0 0.236111 0.673611 0.270062 0.104167
0 0.437114 0.171875 0.230710 0.100694
0 0.447145 0.265046 0.244599 0.101852
0 0.469907 0.363426 0.245370 0.104167
0 0.487654 0.468171 0.257716 0.105324
0 0.506173 0.574074 0.262346 0.111111
0 0.519676 0.682292 0.269290 0.116898
0 0.670525 0.182870 0.226852 0.094907
0 0.689815 0.278935 0.237654 0.092593
0 0.713349 0.370370 0.249228 0.094907
0 0.744213 0.476273 0.256944 0.114583
0 0.768904 0.580440 0.263117 0.112269
0 0.795910 0.694444 0.269290 0.129630
