0 0.598380 0.111690 0.172068 0.089120
0 0.607253 0.201968 0.179012 0.098380
0 0.609568 0.310764 0.195988 0.096065
0 0.622299 0.428819 0.209105 0.123843
0 0.624228 0.572338 0.222222 0.151620
0 0.636574 0.737847 0.226852 0.156250
0 0.378472 0.741319 0.244599 0.165509
0 0.385031 0.573495 0.223765 0.133102
0 0.399306 0.437500 0.202932 0.120370
0 0.404321 0.316551 0.191358 0.105324
0 0.411651 0.210069 0.182870 0.098380
0 0.415895 0.120949 0.174383 0.086806
0 0.243056 0.132523 0.169753 0.091435
0 0.224151 0.223958 0.173611 0.096065
0 0.207176 0.323495 0.198302 0.109954
0 0.180556 0.446181 0.208333 0.116898
0 0.162423 0.583333 0.215278 0.127315
0 0.134645 0.734954 0.222994 0.159722
