0 0.712191 0.760417 0.253086 0.222222
0 0.451003 0.761574 0.246142 0.231481
0 0.214892 0.773727 0.238426 0.214120
0 0.241898 0.570023 0.235340 0.165509
0 0.461034 0.567130 0.232253 0.180556
0 0.698302 0.556134 0.222222 0.190972
0 0.688272 0.385995 0.199074 0.156250
0 0.467207 0.398148 0.207562 0.168981
0 0.270833 0.407986 0.206790 0.140046
0 0.676698 0.250579 0.195988 0.137731
0 0.662423 0.132523 0.158179 0.119213
0 0.480710 0.148148 0.165123 0.115741
0 0.314043 0.169560 0.168210 0.114583
0 0.295525 0.280671 0.183642 0.116898
0 0.476080 0.266782 0.189815 0.123843
