0 0.700617 0.774884 0.216049 0.214120
0 0.685571 0.574074 0.199846 0.182870
0 0.677855 0.405093 0.189043 0.152778
0 0.661651 0.268519 0.167438 0.120370
0 0.653549 0.149306 0.155864 0.108796
0 0.481481 0.159144 0.162037 0.105324
0 0.310957 0.182870 0.152778 0.113426
0 0.290123 0.292824 0.174383 0.122685
0 0.263889 0.430556 0.189815 0.141204
0 0.238812 0.591435 0.213735 0.168981
0 0.214506 0.773148 0.223765 0.175926
0 0.447917 0.782986 0.233796 0.204861
0 0.454090 0.582755 0.213735 0.179398
0 0.459877 0.417824 0.200617 0.150463
0 0.470679 0.269097 0.179012 0.133102
