0 0.705633 0.082755 0.179784 0.075231
0 0.713735 0.174769 0.194444 0.085648
0 0.733796 0.280671 0.208333 0.100694
0 0.744213 0.407986 0.230710 0.126157
0 0.762346 0.545139 0.239198 0.145833
0 0.782793 0.706597 0.241512 0.149306
0 0.521605 0.101273 0.174383 0.075231
0 0.525849 0.189236 0.195216 0.091435
0 0.525849 0.294560 0.198302 0.107639
0 0.525077 0.421875 0.213735 0.123843
0 0.525077 0.559028 0.236883 0.138889
0 0.519676 0.713542 0.252315 0.172454
0 0.340278 0.105324 0.180556 0.092593
0 0.331019 0.203125 0.183642 0.109954
0 0.324074 0.302662 0.199074 0.107639
0 0.307485 0.431713 0.212191 0.134259
0 0.295910 0.569444 0.230710 0.145833
0 0.276620 0.718171 0.247685 0.146991
