1 0.338735 0.678241 0.194444 0.127315
1 0.328318 0.566551 0.190586 0.100694
1 0.531250 0.677662 0.193673 0.112269
1 0.521605 0.572338 0.189815 0.105324
1 0.508102 0.478588 0.182870 0.086806
1 0.476852 0.300926 0.160494 0.083333
0 0.322917 0.470486 0.185957 0.091435
0 0.319059 0.382523 0.176698 0.089120
0 0.310957 0.296296 0.165123 0.076389
0 0.493056 0.380787 0.172840 0.076389
0 0.666281 0.390625 0.162809 0.086806
0 0.643133 0.309606 0.159722 0.079861
0 0.685571 0.477431 0.170525 0.091435
0 0.708719 0.571181 0.173611 0.091435
0 0.725694 0.671296 0.182870 0.104167
0 0.614583 0.126157 0.130401 0.085648
