0 0.645833 0.129630 0.155864 0.120370
0 0.657407 0.247106 0.182099 0.142361
0 0.665509 0.392940 0.193673 0.165509
0 0.687114 0.565972 0.207562 0.199074
0 0.702160 0.778935 0.234568 0.222222
0 0.467593 0.140046 0.172840 0.111111
0 0.466049 0.263310 0.192901 0.135417
0 0.459491 0.409722 0.213735 0.159722
0 0.450231 0.582176 0.235340 0.196759
0 0.439429 0.789931 0.246142 0.216435
0 0.200617 0.775463 0.240741 0.196759
0 0.230710 0.582176 0.228395 0.175926
0 0.257716 0.420139 0.211420 0.164352
0 0.283951 0.280671 0.197531 0.123843
0 0.304784 0.157986 0.182099 0.116898
