2 0.305556 0.681134 0.157407 0.186343
0 0.261188 0.280093 0.145833 0.081019
0 0.277778 0.359375 0.157407 0.082176
0 0.290895 0.440394 0.163580 0.103009
0 0.499614 0.660301 0.165895 0.114583
0 0.672068 0.677662 0.154321 0.086806
0 0.649691 0.578704 0.155864 0.081019
0 0.485340 0.565972 0.175926 0.090278
0 0.462577 0.471644 0.139660 0.089120
0 0.616127 0.485532 0.161265 0.091435
0 0.587963 0.396412 0.146605 0.079861
0 0.565201 0.318866 0.142747 0.079861
0 0.418981 0.296875 0.149691 0.079861
0 0.437114 0.380208 0.144290 0.075231
