0 0.215664 0.677662 0.250772 0.116898
0 0.211034 0.565394 0.241512 0.126157
0 0.205633 0.460648 0.246142 0.122685
0 0.196759 0.359375 0.242284 0.116898
0 0.192130 0.256366 0.233025 0.098380
0 0.185571 0.168981 0.230710 0.113426
0 0.489969 0.701968 0.253086 0.126157
0 0.475694 0.592014 0.244599 0.116898
0 0.459877 0.487269 0.239198 0.118056
0 0.445988 0.389468 0.233025 0.121528
0 0.436343 0.295139 0.226080 0.108796
0 0.421682 0.197917 0.222994 0.104167
0 0.753858 0.733218 0.251543 0.130787
0 0.733410 0.622685 0.261574 0.125000
0 0.709877 0.513889 0.240741 0.122685
0 0.693287 0.416088 0.246142 0.114583
0 0.673225 0.317708 0.232253 0.112269
0 0.658951 0.226852 0.228395 0.115741
