2 0.678241 0.880787 0.137346 0.125000
0 0.507716 0.780093 0.168210 0.106481
0 0.330633 0.758681 0.173611 0.112269
0 0.318673 0.657986 0.166667 0.093750
0 0.297068 0.563079 0.155864 0.084491
0 0.279321 0.475694 0.155864 0.085648
0 0.265818 0.391782 0.153549 0.082176
0 0.411651 0.412616 0.148920 0.077546
0 0.569830 0.425926 0.142747 0.081019
0 0.432099 0.486690 0.157407 0.079861
0 0.463349 0.575810 0.156636 0.091435
0 0.479167 0.667245 0.158951 0.093750
0 0.651235 0.686921 0.166667 0.091435
0 0.617284 0.589699 0.160494 0.093750
0 0.589120 0.507523 0.158179 0.089120
