0 0.364583 0.703125 0.179784 0.119213
0 0.360725 0.596065 0.182870 0.101852
0 0.356096 0.504051 0.168981 0.098380
0 0.353395 0.416667 0.169753 0.085648
0 0.353009 0.333912 0.152006 0.079861
0 0.512346 0.343750 0.152778 0.078704
0 0.522377 0.427083 0.160494 0.087963
0 0.534722 0.513310 0.165123 0.098380
0 0.547840 0.607060 0.174383 0.098380
0 0.558642 0.708333 0.177469 0.113426
0 0.744985 0.723380 0.178241 0.108796
0 0.730324 0.622106 0.175154 0.091435
0 0.709105 0.527778 0.165123 0.090278
0 0.691358 0.439815 0.162037 0.083333
0 0.675926 0.357639 0.157407 0.085648
