0 0.170525 0.160880 0.248457 0.115741
0 0.179012 0.263310 0.260802 0.116898
0 0.187114 0.373264 0.269290 0.116898
0 0.193673 0.483796 0.282407 0.131944
0 0.203704 0.603588 0.287037 0.123843
0 0.210648 0.732060 0.293210 0.140046
0 0.509645 0.746528 0.284722 0.134259
0 0.500000 0.623843 0.280864 0.134259
0 0.477623 0.508102 0.271605 0.127315
0 0.464892 0.398727 0.273920 0.119213
0 0.448302 0.289931 0.266975 0.116898
0 0.435571 0.190394 0.253858 0.114583
0 0.690201 0.208333 0.256944 0.113426
0 0.707562 0.305556 0.259259 0.113426
0 0.729552 0.413194 0.266204 0.115741
0 0.757716 0.523727 0.288580 0.121528
0 0.782793 0.642361 0.290895 0.131944
0 0.808642 0.762153 0.291667 0.135417
