0 0.631559 0.167824 0.156636 0.115741
0 0.641975 0.284722 0.166667 0.141204
0 0.660494 0.418403 0.189815 0.160880
0 0.674383 0.578704 0.226852 0.192130
0 0.685957 0.802083 0.229938 0.247685
0 0.464506 0.192708 0.166667 0.123843
0 0.302855 0.223958 0.158179 0.107639
0 0.278164 0.333912 0.167438 0.135417
0 0.450617 0.310185 0.185185 0.143519
0 0.448302 0.444444 0.192901 0.155093
0 0.255015 0.462963 0.184414 0.143519
0 0.437886 0.612269 0.229167 0.182870
0 0.226852 0.622685 0.211420 0.168981
0 0.425540 0.811921 0.246142 0.216435
0 0.193287 0.817130 0.236883 0.201389
