0 0.672840 0.792245 0.250000 0.163194
0 0.662037 0.624421 0.229938 0.128472
0 0.656636 0.475116 0.217593 0.096065
0 0.655093 0.347222 0.205247 0.106481
0 0.647762 0.233796 0.202932 0.101852
0 0.643519 0.142361 0.174383 0.069444
0 0.454090 0.149306 0.168981 0.085648
0 0.448302 0.249421 0.179012 0.105324
0 0.442130 0.361690 0.197531 0.114583
0 0.439429 0.486111 0.204475 0.127315
0 0.432870 0.624421 0.229938 0.137731
0 0.417052 0.781829 0.241512 0.149306
0 0.169367 0.776620 0.216821 0.120370
0 0.199460 0.619792 0.212191 0.119213
0 0.223380 0.490741 0.196759 0.118056
0 0.244985 0.370949 0.187500 0.112269
0 0.270833 0.267940 0.179012 0.105324
0 0.279707 0.175926 0.175154 0.104167
