1 0.326389 0.777778 0.185185 0.206019
1 0.326775 0.618056 0.181327 0.115741
1 0.526235 0.747685 0.182099 0.125000
1 0.517361 0.640046 0.187500 0.101852
1 0.504244 0.543981 0.168981 0.101852
1 0.484568 0.366319 0.162037 0.093750
0 0.315972 0.350694 0.156636 0.094907
0 0.322531 0.434606 0.163580 0.093750
0 0.319830 0.520833 0.176698 0.097222
0 0.498843 0.456019 0.161265 0.090278
0 0.665123 0.462384 0.171296 0.091435
0 0.654321 0.384259 0.152778 0.085648
0 0.683642 0.559606 0.163580 0.109954
0 0.702546 0.657986 0.176698 0.100694
0 0.711034 0.759838 0.184414 0.109954
0 0.626157 0.200231 0.138117 0.090278
