0 0.691358 0.138889 0.175926 0.113426
0 0.694830 0.263310 0.178241 0.140046
0 0.701775 0.400463 0.190586 0.166667
0 0.722608 0.568287 0.232253 0.180556
0 0.721451 0.781250 0.251543 0.236111
0 0.515818 0.167824 0.167438 0.111111
0 0.505787 0.284144 0.178241 0.135417
0 0.496142 0.414352 0.205247 0.162037
0 0.481096 0.580440 0.222994 0.181713
0 0.476080 0.784722 0.237654 0.217593
0 0.353009 0.193287 0.162809 0.111111
0 0.327546 0.300347 0.178241 0.128472
0 0.303627 0.435764 0.202932 0.156250
0 0.276620 0.587384 0.209105 0.167824
0 0.248071 0.771991 0.232253 0.192130
