0 0.265432 0.550347 0.166667 0.091435
0 0.243056 0.449653 0.162037 0.084491
0 0.228009 0.359954 0.159722 0.074074
0 0.214506 0.285301 0.141975 0.070602
0 0.356096 0.285301 0.150463 0.059028
0 0.393519 0.376157 0.138889 0.078704
0 0.411651 0.457755 0.144290 0.082176
0 0.437500 0.550347 0.140432 0.096065
0 0.597994 0.559606 0.131173 0.091435
0 0.568287 0.468750 0.139660 0.083333
0 0.542052 0.388889 0.128858 0.069444
0 0.510417 0.302083 0.119599 0.071759
0 0.819059 0.344329 0.150463 0.077546
0 0.854938 0.420139 0.149691 0.085648
0 0.895448 0.497106 0.141204 0.084491
0 0.927469 0.586227 0.141975 0.091435
2 0.277778 0.758681 0.166667 0.107639
2 0.439815 0.758681 0.143519 0.126157
2 0.599923 0.767940 0.158179 0.093750
