0 0.616512 0.801505 0.233025 0.146991
0 0.620370 0.647569 0.219136 0.140046
0 0.608410 0.502315 0.195216 0.104167
0 0.604552 0.378472 0.187500 0.113426
0 0.604167 0.268519 0.183642 0.083333
0 0.601080 0.182292 0.168210 0.082176
0 0.421296 0.186921 0.171296 0.089120
0 0.411265 0.278935 0.189815 0.097222
0 0.399691 0.382523 0.195988 0.107639
0 0.388117 0.495949 0.211420 0.116898
0 0.377315 0.635417 0.222222 0.125000
0 0.366512 0.798032 0.240741 0.140046
0 0.131173 0.784722 0.220679 0.131944
0 0.153549 0.636574 0.220679 0.122685
0 0.184028 0.505208 0.201389 0.109954
0 0.211806 0.383681 0.184414 0.105324
0 0.228781 0.284722 0.185957 0.099537
0 0.245370 0.199074 0.166667 0.090278
