0 0.301698 0.418981 0.166667 0.097222
0 0.314043 0.504630 0.169753 0.085648
0 0.328318 0.588542 0.165895 0.096065
0 0.339892 0.687500 0.189043 0.101852
0 0.353781 0.785301 0.185957 0.112269
0 0.537423 0.804977 0.173611 0.112269
0 0.518519 0.709491 0.165123 0.085648
0 0.500000 0.608796 0.158951 0.094907
0 0.476466 0.520833 0.158179 0.090278
0 0.459877 0.434606 0.152778 0.086806
0 0.612654 0.454861 0.145062 0.083333
0 0.635417 0.536458 0.158179 0.093750
0 0.663966 0.621528 0.167438 0.101852
0 0.686343 0.715856 0.173611 0.098380
0 0.717593 0.817130 0.182099 0.115741
0 0.923225 0.497685 0.145833 0.085648
