0 0.702160 0.087384 0.171296 0.086806
0 0.713349 0.184606 0.181327 0.093750
0 0.723380 0.288773 0.190586 0.114583
0 0.732253 0.405093 0.202160 0.127315
0 0.759645 0.550347 0.236883 0.144676
0 0.771605 0.710069 0.234568 0.163194
0 0.501929 0.715278 0.241512 0.134259
0 0.510802 0.551505 0.225309 0.135417
0 0.508488 0.417245 0.206790 0.116898
0 0.509259 0.299190 0.195988 0.103009
0 0.511960 0.198495 0.182870 0.098380
0 0.512731 0.108796 0.173611 0.087963
0 0.330247 0.125000 0.171296 0.090278
0 0.330633 0.215278 0.192130 0.094907
0 0.312886 0.314815 0.184414 0.099537
0 0.296296 0.431134 0.197531 0.109954
0 0.273148 0.569444 0.216049 0.125000
0 0.256173 0.712384 0.237654 0.142361
