0 0.724151 0.703125 0.227623 0.142361
0 0.716049 0.565394 0.206790 0.123843
0 0.706019 0.436343 0.197531 0.111111
0 0.701775 0.318866 0.182870 0.109954
0 0.693287 0.214699 0.162809 0.089120
0 0.680556 0.114583 0.158951 0.090278
0 0.519676 0.122106 0.162809 0.086806
0 0.513117 0.217593 0.168210 0.090278
0 0.506944 0.322338 0.177469 0.091435
0 0.506173 0.434028 0.191358 0.113426
0 0.497299 0.560764 0.199846 0.133102
0 0.497299 0.701389 0.207562 0.143519
0 0.269676 0.700810 0.210648 0.137731
0 0.291667 0.552662 0.202160 0.123843
0 0.304784 0.434028 0.188272 0.115741
0 0.317130 0.325810 0.182099 0.100694
0 0.332562 0.232060 0.183642 0.098380
0 0.349537 0.142361 0.165123 0.101852
