0 0.680170 0.671875 0.221451 0.177083
0 0.428627 0.698495 0.222994 0.179398
0 0.203704 0.703125 0.219136 0.137731
0 0.217593 0.559028 0.219136 0.138889
0 0.438657 0.533565 0.213735 0.143519
0 0.670525 0.515046 0.211420 0.150463
0 0.658565 0.379630 0.193673 0.129630
0 0.646605 0.261574 0.188272 0.129630
0 0.631559 0.157407 0.175154 0.113426
0 0.620370 0.064236 0.155864 0.103009
0 0.441358 0.081597 0.158951 0.103009
0 0.437114 0.175926 0.172068 0.104167
0 0.440972 0.279514 0.185957 0.121528
0 0.437500 0.394676 0.199074 0.125000
0 0.226852 0.416667 0.189815 0.136574
0 0.246914 0.306134 0.185185 0.130787
0 0.256173 0.198495 0.185185 0.112269
0 0.268904 0.106481 0.167438 0.106481
