0 0.617284 0.786458 0.237654 0.156250
0 0.622299 0.623843 0.230710 0.143519
0 0.617284 0.487847 0.216049 0.116898
0 0.608796 0.365741 0.203704 0.104167
0 0.607253 0.254630 0.186728 0.094907
0 0.608410 0.162616 0.179784 0.075231
0 0.423997 0.170139 0.168981 0.087963
0 0.413194 0.258681 0.189043 0.096065
0 0.407793 0.362269 0.195216 0.104167
0 0.390046 0.484954 0.219907 0.118056
0 0.382716 0.621528 0.222222 0.136574
0 0.378858 0.777778 0.243827 0.141204
0 0.134645 0.764468 0.232253 0.140046
0 0.166281 0.615162 0.216821 0.128472
0 0.192901 0.484375 0.205247 0.116898
0 0.212963 0.365162 0.194444 0.105324
0 0.234568 0.267361 0.185185 0.106481
0 0.251157 0.175347 0.189043 0.096065
