0 0.391204 0.372685 0.154321 0.071759
0 0.400463 0.458333 0.163580 0.085648
0 0.406250 0.543403 0.168981 0.091435
0 0.414352 0.634838 0.180556 0.093750
0 0.418210 0.734954 0.179012 0.097222
0 0.608410 0.745370 0.181327 0.106481
0 0.596065 0.645255 0.178241 0.093750
0 0.582948 0.554398 0.165895 0.090278
0 0.569830 0.462384 0.168981 0.084491
0 0.558642 0.380787 0.155864 0.085648
0 0.719136 0.392361 0.155864 0.085648
0 0.687114 0.207755 0.122685 0.077546
0 0.736497 0.471644 0.164352 0.082176
0 0.753858 0.557870 0.171296 0.097222
0 0.777006 0.651042 0.171296 0.107639
0 0.799383 0.755787 0.183642 0.099537
