0 0.631173 0.743634 0.237654 0.142361
0 0.626543 0.584491 0.219136 0.115741
0 0.617670 0.449074 0.210648 0.108796
0 0.613040 0.321759 0.202932 0.101852
0 0.603395 0.219907 0.171296 0.101852
0 0.601852 0.125579 0.163580 0.096065
0 0.418210 0.139468 0.168210 0.093750
0 0.412809 0.231481 0.183642 0.104167
0 0.405093 0.338542 0.179012 0.107639
0 0.396991 0.462963 0.189043 0.125000
0 0.390432 0.592593 0.217593 0.131944
0 0.378472 0.754051 0.219907 0.144676
0 0.144290 0.747685 0.214506 0.143519
0 0.175154 0.596065 0.217593 0.134259
0 0.194059 0.464120 0.207562 0.120370
0 0.214506 0.350694 0.188272 0.111111
0 0.228395 0.251157 0.186728 0.099537
0 0.241512 0.155671 0.180556 0.100694
