0 0.166281 0.127315 0.260031 0.108796
0 0.173611 0.230903 0.260802 0.107639
0 0.181713 0.335069 0.273920 0.119213
0 0.188272 0.442130 0.280864 0.127315
0 0.195988 0.562500 0.291667 0.127315
0 0.200617 0.685185 0.288580 0.134259
0 0.502701 0.700810 0.286265 0.137731
0 0.488812 0.576968 0.283179 0.121528
0 0.472994 0.462384 0.270062 0.126157
0 0.460262 0.352431 0.267747 0.116898
0 0.443287 0.251157 0.260031 0.113426
0 0.429784 0.151620 0.256173 0.113426
0 0.684799 0.167245 0.253858 0.103009
0 0.705247 0.260995 0.256173 0.107639
0 0.727623 0.362847 0.263889 0.114583
0 0.754244 0.472801 0.267747 0.119213
0 0.777392 0.591435 0.284722 0.122685
0 0.805556 0.709491 0.280864 0.125000
