1 0.299383 0.682292 0.192901 0.135417
1 0.301698 0.584491 0.192901 0.120370
1 0.498071 0.702546 0.195216 0.125000
1 0.492670 0.591435 0.181327 0.104167
1 0.475694 0.492477 0.172068 0.109954
1 0.456404 0.307870 0.168981 0.090278
0 0.280864 0.292245 0.165123 0.086806
0 0.284336 0.380787 0.172068 0.092593
0 0.286651 0.468750 0.181327 0.104167
0 0.459105 0.399306 0.166667 0.087963
0 0.619599 0.320023 0.155864 0.089120
0 0.640046 0.407407 0.162809 0.087963
0 0.655478 0.497685 0.158179 0.099537
0 0.677083 0.594907 0.172068 0.104167
0 0.688657 0.702546 0.175154 0.097222
0 0.593750 0.136574 0.127315 0.085648
