0 0.662809 0.151620 0.168210 0.113426
0 0.671682 0.266204 0.179784 0.136574
0 0.685957 0.405671 0.200617 0.167824
0 0.698688 0.582755 0.215278 0.195602
0 0.707176 0.807870 0.253858 0.236111
0 0.489583 0.171296 0.176698 0.115741
0 0.480324 0.289352 0.178241 0.134259
0 0.467207 0.421875 0.212191 0.163194
0 0.459105 0.593750 0.226852 0.182870
0 0.449846 0.802083 0.251543 0.212963
0 0.322531 0.197338 0.165123 0.116898
0 0.295910 0.309028 0.185957 0.120370
0 0.266590 0.443866 0.199846 0.149306
0 0.236111 0.605324 0.228395 0.175926
0 0.202546 0.799769 0.241512 0.201389
