0 0.623071 0.082755 0.175154 0.093750
0 0.629630 0.182292 0.191358 0.107639
0 0.635802 0.293981 0.191358 0.115741
0 0.640046 0.428241 0.202932 0.125000
0 0.650463 0.567130 0.223765 0.141204
0 0.655093 0.733218 0.237654 0.163194
0 0.437500 0.092014 0.183642 0.093750
0 0.433642 0.181713 0.202160 0.108796
0 0.424383 0.298032 0.203704 0.112269
0 0.410880 0.421875 0.207562 0.128472
0 0.408565 0.568866 0.235340 0.140046
0 0.406636 0.723958 0.257716 0.146991
0 0.258102 0.101852 0.179784 0.090278
0 0.246142 0.189236 0.188272 0.096065
0 0.231096 0.302662 0.204475 0.107639
0 0.208719 0.428819 0.212191 0.126157
0 0.185185 0.564236 0.229938 0.119213
0 0.161651 0.718750 0.233796 0.152778
