1 0.287809 0.361690 0.155864 0.082176
1 0.330247 0.624421 0.182099 0.098380
1 0.339892 0.717593 0.178241 0.101852
1 0.701389 0.731481 0.189815 0.108796
0 0.300926 0.444444 0.166667 0.085648
0 0.315972 0.532407 0.168981 0.087963
0 0.507330 0.629630 0.172068 0.094907
0 0.522377 0.726273 0.177469 0.093750
0 0.478395 0.532407 0.165123 0.085648
0 0.461806 0.456019 0.150463 0.074074
0 0.446759 0.368056 0.151235 0.076389
0 0.592207 0.380208 0.148920 0.075231
0 0.617670 0.457176 0.159722 0.076389
0 0.641204 0.541088 0.163580 0.084491
0 0.672454 0.629630 0.162809 0.083333
