2 0.609182 0.695023 0.138117 0.232639
1 0.256559 0.652778 0.190586 0.108796
1 0.525463 0.380787 0.160494 0.074074
1 0.417052 0.546875 0.172068 0.093750
1 0.342207 0.288194 0.150463 0.083333
0 0.183642 0.281250 0.162037 0.078704
0 0.201389 0.366319 0.169753 0.084491
0 0.218364 0.448495 0.171296 0.089120
0 0.238040 0.547454 0.184414 0.092593
0 0.439429 0.647569 0.187500 0.098380
0 0.395448 0.456597 0.170525 0.089120
0 0.366512 0.368056 0.158951 0.083333
0 0.496528 0.295718 0.162809 0.077546
0 0.555941 0.461227 0.164352 0.086806
0 0.853009 0.387153 0.153549 0.072917
0 0.892747 0.472222 0.155864 0.083333
0 0.927083 0.557292 0.141204 0.077546
