0 0.667052 0.140625 0.164352 0.119213
0 0.685571 0.254630 0.182870 0.131944
0 0.685185 0.395833 0.200617 0.166667
0 0.698688 0.575810 0.219907 0.195602
0 0.712191 0.778935 0.234568 0.210648
0 0.494985 0.151620 0.185957 0.129630
0 0.486111 0.269676 0.186728 0.143519
0 0.477623 0.414352 0.208333 0.164352
0 0.474151 0.576968 0.229167 0.181713
0 0.467207 0.792824 0.233796 0.236111
0 0.226852 0.787616 0.243827 0.186343
0 0.257716 0.587963 0.216049 0.152778
0 0.278549 0.428819 0.208333 0.151620
0 0.306713 0.277778 0.184414 0.131944
0 0.325617 0.162616 0.160494 0.119213
