0 0.674769 0.743056 0.236883 0.187500
0 0.667824 0.568287 0.229167 0.162037
0 0.655478 0.417824 0.202932 0.136574
0 0.648148 0.287037 0.200617 0.122685
0 0.637731 0.178819 0.190586 0.107639
0 0.628086 0.079282 0.165123 0.100694
0 0.439043 0.100116 0.172840 0.096065
0 0.434799 0.196181 0.182870 0.105324
0 0.430556 0.303241 0.203704 0.118056
0 0.425926 0.432870 0.212963 0.145833
0 0.415123 0.571759 0.236111 0.155093
0 0.413966 0.747685 0.243056 0.168981
0 0.167438 0.754051 0.236111 0.170139
0 0.188272 0.589699 0.219136 0.144676
0 0.214892 0.447917 0.202932 0.131944
0 0.224537 0.323495 0.202160 0.112269
0 0.246914 0.219329 0.180556 0.107639
0 0.262346 0.121528 0.177469 0.106481
