0 0.608410 0.754630 0.235340 0.155093
0 0.605710 0.598958 0.231481 0.130787
0 0.601466 0.458912 0.212191 0.121528
0 0.601080 0.339120 0.200617 0.108796
0 0.591821 0.234375 0.195988 0.086806
0 0.590278 0.141204 0.175926 0.071759
0 0.412809 0.146412 0.168210 0.079861
0 0.399306 0.234954 0.178241 0.092593
0 0.390432 0.343750 0.195988 0.118056
0 0.382716 0.460648 0.205247 0.129630
0 0.370370 0.598380 0.216049 0.143519
0 0.359954 0.750579 0.233796 0.140046
0 0.131559 0.743056 0.227623 0.148148
0 0.160108 0.596644 0.216821 0.140046
0 0.179398 0.471065 0.199846 0.118056
0 0.196373 0.354167 0.192130 0.111111
0 0.219907 0.258102 0.183642 0.085648
0 0.234954 0.158565 0.161265 0.094907
