0 0.681327 0.817708 0.246914 0.234954
0 0.669753 0.594329 0.217593 0.195602
0 0.659336 0.416667 0.204475 0.150463
0 0.648920 0.267361 0.177469 0.131944
0 0.638503 0.146991 0.158179 0.111111
0 0.456019 0.167824 0.162037 0.104167
0 0.442901 0.289352 0.192901 0.127315
0 0.432099 0.434606 0.214506 0.156250
0 0.426312 0.611690 0.235340 0.184028
0 0.413194 0.824653 0.243056 0.223380
0 0.160880 0.821759 0.236883 0.199074
0 0.194059 0.612269 0.230710 0.178241
0 0.224923 0.451968 0.198302 0.146991
0 0.251929 0.303819 0.189043 0.142361
0 0.278549 0.185764 0.162037 0.109954
