0 0.661265 0.090278 0.172840 0.101852
0 0.675926 0.188657 0.194444 0.104167
0 0.687114 0.285301 0.213735 0.107639
0 0.704475 0.413194 0.229938 0.120370
0 0.717978 0.553241 0.239969 0.127315
0 0.728009 0.715278 0.266204 0.157407
0 0.479552 0.098958 0.182870 0.100694
0 0.476466 0.192708 0.190586 0.100694
0 0.477238 0.298611 0.204475 0.125000
0 0.469907 0.416667 0.219136 0.134259
0 0.462963 0.560764 0.228395 0.149306
0 0.462577 0.733796 0.244599 0.180556
0 0.304012 0.121528 0.177469 0.101852
0 0.292824 0.207176 0.175154 0.085648
0 0.277006 0.305556 0.205247 0.120370
0 0.259645 0.426505 0.213735 0.126157
0 0.247299 0.562500 0.218364 0.145833
0 0.222608 0.728009 0.247685 0.157407
