0 0.657407 0.111690 0.183642 0.114583
0 0.664352 0.229167 0.194444 0.134259
0 0.673997 0.374421 0.210648 0.156250
0 0.692130 0.545718 0.242284 0.193287
0 0.698688 0.753472 0.255401 0.240741
0 0.471836 0.138889 0.181327 0.122685
0 0.310571 0.164931 0.164352 0.114583
0 0.468364 0.250579 0.179012 0.142361
0 0.464506 0.387731 0.209877 0.171296
0 0.445988 0.559028 0.234568 0.189815
0 0.440972 0.769097 0.244599 0.214120
0 0.194830 0.772569 0.236883 0.218750
0 0.238426 0.574074 0.220679 0.168981
0 0.260802 0.406250 0.197531 0.150463
0 0.288580 0.279514 0.182099 0.135417
