0 0.281250 0.285301 0.158179 0.075231
0 0.292052 0.360532 0.178241 0.079861
0 0.309799 0.450231 0.175154 0.101852
0 0.325231 0.548611 0.182870 0.099537
0 0.334877 0.640625 0.191358 0.093750
0 0.523148 0.642361 0.175926 0.101852
0 0.496528 0.543981 0.165895 0.087963
0 0.478395 0.454282 0.166667 0.096065
0 0.457176 0.365741 0.165895 0.087963
0 0.435957 0.293403 0.155864 0.077546
0 0.588349 0.297454 0.158179 0.076389
0 0.612269 0.370949 0.158179 0.077546
0 0.636574 0.457176 0.168210 0.087963
0 0.667824 0.549769 0.173611 0.090278
0 0.694830 0.645255 0.195216 0.098380
