0 0.250386 0.610532 0.176698 0.116898
0 0.234182 0.509838 0.175154 0.114583
0 0.222608 0.413773 0.168981 0.105324
0 0.202546 0.313657 0.176698 0.111111
0 0.197531 0.235532 0.162037 0.091435
0 0.354552 0.268519 0.147377 0.099537
0 0.373071 0.346644 0.150463 0.105324
0 0.385802 0.431134 0.166667 0.105324
0 0.402778 0.531829 0.177469 0.107639
0 0.429012 0.629051 0.166667 0.114583
0 0.598380 0.652199 0.170525 0.112269
0 0.574074 0.560185 0.169753 0.106481
0 0.543596 0.460069 0.168981 0.103009
0 0.529321 0.375000 0.152778 0.092593
0 0.500000 0.299190 0.151235 0.079861
0 0.813272 0.362847 0.141975 0.091435
0 0.843750 0.431713 0.141204 0.081019
0 0.879630 0.513889 0.143519 0.101852
0 0.910494 0.601852 0.146605 0.071759
