0 0.783565 0.681134 0.185957 0.096065
0 0.759259 0.576968 0.183642 0.079861
0 0.736111 0.494792 0.172840 0.077546
0 0.715278 0.416088 0.168210 0.075231
0 0.691358 0.332755 0.165123 0.077546
0 0.532022 0.335069 0.161265 0.072917
0 0.550540 0.412037 0.159722 0.078704
0 0.560571 0.495949 0.172068 0.086806
0 0.583333 0.583333 0.180556 0.092593
0 0.597222 0.684606 0.191358 0.091435
0 0.413580 0.690972 0.185185 0.094907
0 0.401235 0.588542 0.182099 0.086806
0 0.389275 0.500579 0.167438 0.084491
0 0.379244 0.413773 0.170525 0.079861
0 0.368056 0.331019 0.160494 0.069444
