1 0.321373 0.720486 0.176698 0.105324
0 0.501543 0.710648 0.174383 0.104167
0 0.668981 0.712384 0.174383 0.103009
0 0.635031 0.616898 0.160494 0.083333
0 0.600309 0.525463 0.169753 0.074074
0 0.576003 0.449653 0.152006 0.077546
0 0.543981 0.372685 0.148148 0.083333
0 0.393519 0.371528 0.145062 0.074074
0 0.416667 0.446181 0.157407 0.072917
0 0.444444 0.530093 0.169753 0.083333
0 0.467978 0.617477 0.170525 0.082176
0 0.304012 0.620949 0.169753 0.079861
0 0.278935 0.526620 0.164352 0.092593
0 0.257330 0.443287 0.158179 0.076389
0 0.235725 0.361690 0.158179 0.077546
