0 0.596065 0.090278 0.172068 0.085648
0 0.601466 0.180556 0.179784 0.094907
0 0.607253 0.297454 0.191358 0.118056
0 0.613812 0.423611 0.215278 0.127315
0 0.620370 0.574074 0.222222 0.157407
0 0.627315 0.740741 0.233025 0.162037
0 0.408565 0.102431 0.170525 0.091435
0 0.405093 0.200231 0.183642 0.099537
0 0.396219 0.309606 0.196759 0.128472
0 0.388889 0.434028 0.214506 0.131944
0 0.377315 0.575810 0.233025 0.146991
0 0.368827 0.754051 0.236111 0.190972
0 0.119599 0.748843 0.233025 0.155093
0 0.150849 0.582176 0.215278 0.127315
0 0.176698 0.447338 0.208333 0.119213
0 0.198302 0.322338 0.197531 0.116898
0 0.217593 0.212384 0.185185 0.109954
0 0.233410 0.120949 0.167438 0.089120
