0 0.359182 0.351273 0.155093 0.084491
0 0.369599 0.427662 0.165123 0.079861
0 0.386188 0.514468 0.176698 0.091435
0 0.405864 0.607639 0.177469 0.108796
0 0.423611 0.716435 0.182099 0.094907
0 0.597222 0.711227 0.186728 0.098380
0 0.578704 0.613426 0.168210 0.094907
0 0.554012 0.522569 0.172840 0.086806
0 0.533565 0.437500 0.156636 0.078704
0 0.513117 0.358218 0.154321 0.075231
0 0.668210 0.370949 0.152778 0.077546
0 0.690972 0.446181 0.162809 0.079861
0 0.711806 0.530671 0.162809 0.089120
0 0.742284 0.616898 0.171296 0.092593
0 0.768519 0.714699 0.179012 0.096065
