0 0.688657 0.065972 0.167438 0.085648
0 0.704475 0.166667 0.186728 0.085648
0 0.713349 0.272569 0.182870 0.121528
0 0.733410 0.403935 0.198302 0.131944
0 0.749228 0.546296 0.229938 0.127315
0 0.764275 0.712384 0.235340 0.160880
0 0.504630 0.720486 0.242284 0.156250
0 0.504630 0.076389 0.172840 0.090278
0 0.498071 0.179398 0.178241 0.099537
0 0.498071 0.283565 0.184414 0.111111
0 0.501157 0.406250 0.204475 0.136574
0 0.504244 0.553241 0.221451 0.138889
0 0.320988 0.093750 0.166667 0.097222
0 0.308256 0.189236 0.185957 0.107639
0 0.292052 0.292824 0.189043 0.122685
0 0.287037 0.423611 0.200617 0.134259
0 0.266590 0.570602 0.209105 0.141204
0 0.245370 0.724537 0.234568 0.152778
