1 0.343364 0.733796 0.194444 0.206019
1 0.334877 0.583333 0.191358 0.104167
1 0.536651 0.708912 0.192130 0.158565
1 0.522762 0.587963 0.178241 0.108796
1 0.507716 0.486690 0.186728 0.112269
1 0.480324 0.310185 0.168981 0.085648
0 0.325617 0.480903 0.188272 0.091435
0 0.319059 0.392940 0.172068 0.089120
0 0.313272 0.309028 0.168210 0.083333
0 0.723380 0.684606 0.185957 0.103009
0 0.708333 0.582176 0.179012 0.097222
0 0.682485 0.481481 0.165895 0.081019
0 0.665123 0.395833 0.168210 0.087963
0 0.645833 0.310764 0.151235 0.079861
0 0.611111 0.127894 0.126543 0.082176
