0 0.616512 0.779514 0.242284 0.170139
0 0.604167 0.622685 0.214506 0.141204
0 0.598765 0.485532 0.199074 0.128472
0 0.593364 0.372685 0.188272 0.129630
0 0.587191 0.258681 0.179012 0.098380
0 0.585648 0.167245 0.169753 0.089120
0 0.408179 0.188657 0.168210 0.099537
0 0.396991 0.278935 0.176698 0.097222
0 0.391590 0.381366 0.181327 0.107639
0 0.381173 0.496528 0.200617 0.125000
0 0.375386 0.635417 0.213735 0.136574
0 0.363426 0.784144 0.222222 0.146991
0 0.132716 0.774884 0.223765 0.123843
0 0.157793 0.636574 0.209105 0.125000
0 0.180941 0.502894 0.187500 0.116898
0 0.199074 0.394097 0.188272 0.119213
0 0.219907 0.289352 0.180556 0.097222
0 0.239583 0.197338 0.168981 0.096065
