0 0.639275 0.069444 0.172068 0.092593
0 0.640818 0.166667 0.173611 0.108796
0 0.652006 0.278935 0.199074 0.113426
0 0.656636 0.406250 0.208333 0.129630
0 0.666667 0.555556 0.228395 0.155093
0 0.673611 0.728009 0.231481 0.159722
0 0.408951 0.725116 0.259259 0.153935
0 0.159722 0.728009 0.229938 0.157407
0 0.185957 0.572338 0.211420 0.130787
0 0.423611 0.563657 0.236111 0.148148
0 0.426312 0.417245 0.219907 0.140046
0 0.431713 0.290509 0.193673 0.118056
0 0.435571 0.178819 0.182870 0.107639
0 0.445988 0.085069 0.171296 0.096065
0 0.265818 0.103588 0.161265 0.096065
0 0.246914 0.199074 0.185185 0.106481
0 0.228781 0.306713 0.199846 0.115741
0 0.210648 0.429977 0.200617 0.130787
