0 0.233025 0.744213 0.179012 0.106481
0 0.233796 0.642940 0.174383 0.098380
0 0.231481 0.545139 0.175926 0.108796
0 0.231481 0.454282 0.174383 0.107639
0 0.225694 0.375579 0.147377 0.091435
0 0.394290 0.392940 0.151235 0.089120
0 0.403164 0.476852 0.162809 0.099537
0 0.414738 0.572917 0.167438 0.097222
0 0.420139 0.662616 0.178241 0.109954
0 0.427083 0.765625 0.181327 0.109954
0 0.617670 0.786458 0.193673 0.119213
0 0.603009 0.686343 0.178241 0.099537
0 0.586034 0.589120 0.172068 0.092593
0 0.570602 0.501736 0.172068 0.098380
0 0.556713 0.418981 0.161265 0.101852
0 0.535494 0.237847 0.141975 0.096065
