0 0.675540 0.726852 0.241512 0.159722
0 0.661651 0.558449 0.229167 0.151620
0 0.651620 0.423032 0.207562 0.133102
0 0.644676 0.280093 0.196759 0.120370
0 0.636960 0.177083 0.182870 0.101852
0 0.629630 0.077546 0.175926 0.094907
0 0.440586 0.092593 0.177469 0.099537
0 0.428627 0.192130 0.181327 0.104167
0 0.427855 0.299769 0.206019 0.127315
0 0.420139 0.427662 0.207562 0.140046
0 0.410108 0.579861 0.232253 0.157407
0 0.406636 0.739005 0.237654 0.160880
0 0.159722 0.743634 0.233025 0.146991
0 0.179398 0.579861 0.213735 0.141204
0 0.203318 0.445023 0.209105 0.130787
0 0.225309 0.319444 0.192901 0.122685
0 0.244985 0.208333 0.187500 0.118056
0 0.258873 0.109375 0.170525 0.112269
