0 0.353395 0.760995 0.179012 0.098380
0 0.527778 0.763310 0.169753 0.100694
0 0.692901 0.773148 0.168210 0.101852
0 0.666667 0.666088 0.160494 0.091435
0 0.501543 0.664352 0.166667 0.081019
0 0.334491 0.662616 0.170525 0.086806
0 0.314429 0.570602 0.161265 0.092593
0 0.478009 0.577546 0.162809 0.090278
0 0.638889 0.579861 0.158951 0.085648
0 0.609182 0.493634 0.158179 0.079861
0 0.584877 0.427083 0.145062 0.071759
0 0.437500 0.416088 0.160494 0.070602
0 0.458333 0.487847 0.169753 0.075231
0 0.297840 0.482639 0.166667 0.078704
0 0.283179 0.407986 0.160494 0.086806
