0 0.735340 0.745370 0.186728 0.111111
0 0.715278 0.646412 0.180556 0.096065
0 0.695602 0.552083 0.179784 0.092593
0 0.681713 0.465856 0.170525 0.079861
0 0.665895 0.385995 0.166667 0.093750
0 0.499614 0.380208 0.162809 0.084491
0 0.507330 0.459491 0.168981 0.090278
0 0.523148 0.548611 0.174383 0.092593
0 0.531636 0.635995 0.183642 0.096065
0 0.549769 0.741319 0.185957 0.107639
0 0.359182 0.736111 0.185957 0.101852
0 0.350694 0.635995 0.179784 0.098380
0 0.344136 0.543403 0.174383 0.098380
0 0.339120 0.449074 0.167438 0.085648
0 0.337963 0.370949 0.162037 0.086806
