0 0.612269 0.665509 0.226080 0.168981
0 0.604938 0.506944 0.217593 0.141204
0 0.595293 0.376157 0.195216 0.134259
0 0.587577 0.258681 0.185957 0.105324
0 0.581404 0.152778 0.176698 0.108796
0 0.574074 0.059028 0.171296 0.111111
0 0.395062 0.075231 0.175926 0.104167
0 0.223380 0.101273 0.179784 0.105324
0 0.207562 0.195023 0.174383 0.107639
0 0.193287 0.289352 0.193673 0.115741
0 0.178241 0.413773 0.194444 0.133102
0 0.156636 0.549769 0.195988 0.145833
0 0.137346 0.702546 0.200617 0.148148
0 0.388889 0.173611 0.175926 0.115741
0 0.385802 0.280093 0.205247 0.134259
0 0.380015 0.400463 0.204475 0.129630
0 0.372299 0.534722 0.213735 0.136574
0 0.364583 0.686343 0.215278 0.152778
