0 0.682485 0.115741 0.167438 0.106481
0 0.692515 0.230903 0.172068 0.137731
0 0.702160 0.369792 0.199074 0.158565
0 0.710648 0.543981 0.219136 0.178241
0 0.724923 0.755208 0.247685 0.211806
0 0.508488 0.140046 0.168210 0.113426
0 0.498071 0.254051 0.181327 0.142361
0 0.490355 0.394676 0.201389 0.166667
0 0.479938 0.562500 0.217593 0.173611
0 0.469136 0.766782 0.236111 0.216435
0 0.343364 0.164931 0.171296 0.123843
0 0.324846 0.285301 0.186728 0.126157
0 0.297454 0.411458 0.201389 0.156250
0 0.264275 0.570023 0.216821 0.172454
0 0.240741 0.756366 0.226852 0.190972
