0 0.657407 0.146991 0.162037 0.111111
0 0.667824 0.269097 0.178241 0.130787
0 0.683256 0.414931 0.201389 0.163194
0 0.690201 0.593750 0.204475 0.199074
0 0.703318 0.796875 0.239969 0.221065
0 0.486111 0.151042 0.175926 0.123843
0 0.475309 0.271991 0.186728 0.131944
0 0.471065 0.419560 0.201389 0.158565
0 0.454475 0.598958 0.222222 0.179398
0 0.449074 0.806134 0.243827 0.214120
0 0.315201 0.171875 0.179784 0.109954
0 0.297840 0.281250 0.177469 0.127315
0 0.268133 0.425347 0.210648 0.156250
0 0.240741 0.594907 0.225309 0.175926
0 0.207176 0.785880 0.241512 0.203704
