0 0.140046 0.137731 0.264660 0.115741
0 0.153935 0.242477 0.266204 0.114583
0 0.160494 0.348958 0.279321 0.121528
0 0.168210 0.468171 0.283951 0.130787
0 0.178241 0.590278 0.299383 0.129630
0 0.182099 0.717593 0.302469 0.136574
0 0.500000 0.730903 0.285494 0.130787
0 0.484568 0.600694 0.291667 0.129630
0 0.462963 0.479167 0.274691 0.122685
0 0.451775 0.366319 0.269290 0.121528
0 0.434414 0.260995 0.257716 0.119213
0 0.420525 0.156829 0.253086 0.116898
0 0.683256 0.178819 0.250772 0.105324
0 0.706404 0.280671 0.258488 0.116898
0 0.726080 0.387731 0.273148 0.115741
0 0.755401 0.505787 0.279321 0.125000
0 0.781636 0.619213 0.291667 0.134259
0 0.807099 0.749421 0.299383 0.140046
