0 0.635802 0.129051 0.175926 0.089120
0 0.643133 0.221644 0.185957 0.098380
0 0.648920 0.326968 0.200617 0.116898
0 0.657407 0.444444 0.208333 0.131944
0 0.664738 0.587384 0.232253 0.144676
0 0.669367 0.755208 0.239969 0.170139
0 0.453318 0.154514 0.176698 0.098380
0 0.448302 0.240162 0.182099 0.103009
0 0.443287 0.338542 0.195216 0.133102
0 0.433256 0.462384 0.213735 0.126157
0 0.421682 0.600116 0.229167 0.137731
0 0.409722 0.758681 0.243827 0.170139
0 0.282407 0.168981 0.169753 0.087963
0 0.264275 0.252315 0.176698 0.085648
0 0.245370 0.356481 0.188272 0.111111
0 0.224537 0.473380 0.205247 0.120370
0 0.199846 0.607060 0.212963 0.130787
0 0.171682 0.756944 0.229167 0.138889
