0 0.636574 0.135417 0.151235 0.113426
0 0.647762 0.251157 0.164352 0.125000
0 0.660880 0.391782 0.176698 0.160880
0 0.684799 0.557870 0.199846 0.189815
0 0.710648 0.763310 0.225309 0.216435
0 0.442901 0.785301 0.220679 0.202546
0 0.206019 0.786458 0.212963 0.184028
0 0.448302 0.586227 0.209877 0.165509
0 0.233025 0.596644 0.225309 0.151620
0 0.255401 0.433449 0.199074 0.142361
0 0.455247 0.408565 0.203704 0.155093
0 0.461806 0.271412 0.184414 0.133102
0 0.279707 0.296296 0.182870 0.113426
0 0.466435 0.153356 0.162809 0.103009
