0 0.655478 0.147569 0.165895 0.116898
0 0.666667 0.267361 0.188272 0.131944
0 0.678241 0.409144 0.202160 0.160880
0 0.685957 0.586806 0.220679 0.199074
0 0.706790 0.804398 0.240741 0.254630
0 0.450617 0.808449 0.257716 0.234954
0 0.192515 0.810185 0.258488 0.189815
0 0.230710 0.599537 0.231481 0.178241
0 0.257716 0.435185 0.208333 0.155093
0 0.283565 0.300347 0.207562 0.119213
0 0.307485 0.189236 0.175154 0.116898
0 0.475694 0.164931 0.170525 0.119213
0 0.467593 0.282986 0.197531 0.140046
0 0.459491 0.421296 0.210648 0.164352
0 0.451003 0.614005 0.224537 0.207176
