1 0.187500 0.605903 0.316358 0.126157
0 0.285108 0.109954 0.264660 0.078704
0 0.270062 0.193866 0.254630 0.079861
0 0.255015 0.287616 0.258488 0.089120
0 0.227238 0.378472 0.272377 0.092593
0 0.211806 0.482060 0.273920 0.103009
0 0.510802 0.595486 0.299383 0.119213
0 0.519676 0.486690 0.289352 0.098380
0 0.528935 0.382523 0.280093 0.098380
0 0.539738 0.279514 0.273920 0.089120
0 0.545910 0.185764 0.267747 0.075231
0 0.564043 0.100116 0.262346 0.075231
0 0.848380 0.076389 0.269290 0.097222
0 0.844907 0.168403 0.266975 0.089120
0 0.841821 0.265046 0.276235 0.099537
0 0.842593 0.364005 0.287037 0.105324
0 0.840664 0.465856 0.300154 0.100694
0 0.841435 0.585648 0.303241 0.108796
