0 0.552469 0.806713 0.182099 0.120370
0 0.372685 0.786458 0.179012 0.121528
0 0.182485 0.761574 0.182870 0.122685
0 0.177855 0.652199 0.175154 0.116898
0 0.176312 0.559028 0.172068 0.111111
0 0.179398 0.466435 0.165895 0.111111
0 0.178241 0.385995 0.154321 0.100694
0 0.344522 0.416088 0.152006 0.096065
0 0.347994 0.495949 0.154321 0.100694
0 0.352623 0.581019 0.163580 0.101852
0 0.358796 0.677662 0.163580 0.103009
1 0.542438 0.703704 0.180556 0.092593
1 0.525849 0.614005 0.181327 0.103009
1 0.516975 0.522569 0.179012 0.096065
1 0.504630 0.435185 0.168210 0.108796
