0 0.646219 0.152199 0.164352 0.116898
0 0.652006 0.266782 0.180556 0.137731
0 0.663194 0.406829 0.206019 0.160880
0 0.675154 0.579282 0.217593 0.207176
0 0.692901 0.787037 0.254630 0.245370
0 0.471065 0.176505 0.175154 0.116898
0 0.456019 0.283565 0.189815 0.134259
0 0.448302 0.428241 0.206790 0.157407
0 0.434414 0.590278 0.223765 0.175926
0 0.421296 0.801505 0.239198 0.237269
0 0.303627 0.192130 0.173611 0.118056
0 0.280478 0.306713 0.185957 0.131944
0 0.253086 0.437500 0.206790 0.145833
0 0.220293 0.598958 0.230710 0.174769
0 0.180556 0.798032 0.234568 0.204861
