0 0.162037 0.082755 0.259259 0.112269
0 0.169753 0.181713 0.270062 0.118056
0 0.179012 0.289352 0.280864 0.115741
0 0.188657 0.402778 0.286265 0.115741
0 0.195216 0.526620 0.293210 0.122685
0 0.204475 0.648148 0.307099 0.143519
0 0.523534 0.666088 0.286265 0.128472
0 0.503858 0.537037 0.283951 0.129630
0 0.486497 0.423611 0.277006 0.125000
0 0.464120 0.306134 0.263117 0.119213
0 0.832176 0.674769 0.303241 0.129630
0 0.803241 0.550347 0.299383 0.121528
0 0.770833 0.429398 0.280864 0.125000
0 0.747299 0.325810 0.269290 0.116898
0 0.724537 0.222801 0.265432 0.096065
0 0.700617 0.114583 0.263889 0.108796
0 0.435957 0.098380 0.263889 0.101852
1 0.450617 0.202546 0.265432 0.106481
