0 0.146219 0.123843 0.241512 0.120370
0 0.154707 0.224537 0.258488 0.120370
0 0.167824 0.344907 0.261574 0.111111
0 0.178241 0.447917 0.271605 0.125000
0 0.190972 0.561343 0.281636 0.129630
0 0.204090 0.700810 0.275463 0.137731
0 0.500386 0.712384 0.283179 0.126157
0 0.475694 0.592014 0.263117 0.121528
0 0.457948 0.473958 0.249228 0.112269
0 0.438657 0.361690 0.253858 0.116898
0 0.418596 0.255787 0.250772 0.108796
0 0.405478 0.159144 0.236883 0.103009
0 0.652006 0.181713 0.237654 0.099537
0 0.678241 0.278356 0.243827 0.109954
0 0.699846 0.383681 0.254630 0.109954
0 0.729552 0.494213 0.253858 0.115741
0 0.756944 0.607639 0.270062 0.122685
0 0.788966 0.733796 0.269290 0.127315
