0 0.657022 0.140625 0.167438 0.121528
0 0.676312 0.247685 0.193673 0.122685
0 0.687500 0.400463 0.214506 0.180556
0 0.716435 0.583333 0.243056 0.185185
0 0.732253 0.792245 0.266975 0.232639
0 0.479167 0.179398 0.171296 0.136574
0 0.471836 0.294560 0.181327 0.146991
0 0.466049 0.428241 0.194444 0.162037
0 0.459105 0.605903 0.219136 0.204861
0 0.452546 0.813657 0.250772 0.217593
0 0.310571 0.218750 0.165895 0.118056
0 0.296296 0.328125 0.171296 0.140046
0 0.271219 0.455440 0.195216 0.137731
0 0.238426 0.627315 0.212963 0.175926
0 0.206790 0.822338 0.225309 0.202546
