0 0.386188 0.760995 0.181327 0.109954
0 0.367670 0.653356 0.172068 0.089120
0 0.353781 0.560764 0.164352 0.091435
0 0.336034 0.471644 0.158179 0.084491
0 0.324846 0.394676 0.162037 0.083333
0 0.483025 0.398148 0.146605 0.078704
0 0.501157 0.474537 0.159722 0.094907
0 0.521605 0.569444 0.163580 0.087963
0 0.543981 0.659722 0.179012 0.092593
0 0.565586 0.751736 0.172840 0.098380
0 0.744213 0.758681 0.175154 0.098380
0 0.711420 0.659722 0.174383 0.090278
0 0.687500 0.570023 0.165123 0.086806
0 0.660880 0.489583 0.164352 0.078704
0 0.633102 0.406829 0.144290 0.077546
