0 0.626543 0.080440 0.174383 0.100694
0 0.640432 0.166667 0.180556 0.111111
0 0.655093 0.286458 0.200617 0.133102
0 0.666667 0.403356 0.206790 0.153935
0 0.692515 0.552083 0.226080 0.157407
0 0.706404 0.723380 0.241512 0.166667
0 0.432099 0.745949 0.233025 0.170139
0 0.431713 0.576968 0.222994 0.163194
0 0.438657 0.429398 0.216821 0.145833
0 0.435571 0.311343 0.207562 0.118056
0 0.437114 0.199074 0.189043 0.115741
0 0.439429 0.100694 0.165895 0.106481
0 0.262731 0.127315 0.165895 0.101852
0 0.244213 0.232639 0.179784 0.092593
0 0.237269 0.334491 0.192130 0.122685
0 0.219907 0.457176 0.194444 0.143519
0 0.200617 0.601852 0.206790 0.152778
0 0.177469 0.755787 0.217593 0.162037
