0 0.327932 0.377894 0.155864 0.086806
0 0.329090 0.457176 0.164352 0.085648
0 0.333719 0.546296 0.164352 0.113426
0 0.505787 0.475116 0.161265 0.077546
0 0.660494 0.412616 0.152778 0.079861
0 0.633488 0.229745 0.125000 0.096065
0 0.676312 0.495370 0.162809 0.094907
0 0.690586 0.586227 0.179012 0.105324
0 0.706790 0.684028 0.172840 0.101852
0 0.724537 0.782407 0.180556 0.104167
1 0.341435 0.766782 0.189043 0.135417
1 0.339506 0.650463 0.183642 0.106481
1 0.532407 0.771991 0.182099 0.111111
1 0.525463 0.671875 0.174383 0.119213
1 0.515818 0.573495 0.170525 0.096065
1 0.497685 0.399884 0.152778 0.096065
