0 0.241127 0.782986 0.190586 0.103009
0 0.240741 0.681134 0.177469 0.089120
0 0.236111 0.588542 0.171296 0.086806
0 0.229938 0.498843 0.165123 0.087963
0 0.226852 0.421875 0.157407 0.075231
0 0.390818 0.431134 0.158179 0.077546
0 0.401235 0.510995 0.169753 0.077546
0 0.418981 0.594329 0.160494 0.086806
0 0.426698 0.689236 0.171296 0.098380
0 0.437500 0.789352 0.174383 0.085648
0 0.621914 0.798032 0.175926 0.096065
0 0.606096 0.700231 0.173611 0.094907
0 0.588349 0.607639 0.165895 0.092593
0 0.572917 0.517940 0.159722 0.084491
0 0.553627 0.439236 0.153549 0.082176
