0 0.275077 0.445023 0.138117 0.089120
0 0.302469 0.523727 0.138889 0.077546
0 0.328318 0.604745 0.155093 0.096065
0 0.373071 0.700810 0.147377 0.103009
0 0.394290 0.789931 0.145062 0.096065
0 0.538580 0.814815 0.123457 0.087963
0 0.499614 0.715278 0.135031 0.090278
0 0.471451 0.634259 0.131173 0.097222
0 0.434414 0.557870 0.118827 0.090278
0 0.398148 0.479167 0.120370 0.085648
0 0.521605 0.506944 0.111111 0.069444
0 0.556327 0.581597 0.118827 0.082176
0 0.594907 0.659144 0.117284 0.089120
0 0.618441 0.736690 0.111883 0.075231
0 0.670525 0.828125 0.125000 0.096065
