0 0.251543 0.714120 0.175926 0.101852
0 0.430941 0.729167 0.185957 0.122685
0 0.601466 0.733218 0.159722 0.100694
0 0.573688 0.635417 0.162809 0.083333
0 0.537037 0.541088 0.157407 0.089120
0 0.516975 0.456019 0.155864 0.083333
0 0.494599 0.372106 0.138889 0.079861
0 0.342593 0.357060 0.148148 0.086806
0 0.359954 0.440972 0.159722 0.085648
0 0.387346 0.531829 0.165123 0.093750
0 0.404707 0.623264 0.167438 0.098380
0 0.236883 0.614583 0.175926 0.104167
0 0.217978 0.519676 0.172068 0.099537
0 0.198688 0.427662 0.162809 0.091435
0 0.177469 0.336227 0.160494 0.091435
