1 0.630401 0.240741 0.236111 0.092593
2 0.797840 0.906250 0.251543 0.157407
0 0.650463 0.333912 0.220679 0.079861
0 0.678241 0.427662 0.225309 0.093750
0 0.711420 0.522569 0.234568 0.089120
0 0.746914 0.644097 0.254630 0.105324
0 0.512731 0.759838 0.247685 0.116898
0 0.225694 0.760417 0.277006 0.131944
0 0.201003 0.627315 0.266204 0.090278
0 0.178627 0.510995 0.266204 0.084491
0 0.161651 0.413194 0.249228 0.081019
0 0.148148 0.324074 0.248457 0.090278
0 0.140432 0.207176 0.242284 0.090278
0 0.391204 0.232060 0.240741 0.107639
0 0.407793 0.332176 0.250772 0.101852
0 0.433642 0.427662 0.263889 0.105324
0 0.459877 0.530093 0.262346 0.106481
0 0.477238 0.630208 0.272377 0.116898
