0 0.414352 0.797454 0.180556 0.101852
0 0.395062 0.697917 0.174383 0.108796
0 0.371914 0.594329 0.163580 0.096065
0 0.357639 0.519097 0.165895 0.070602
0 0.338349 0.442708 0.155093 0.084491
0 0.491898 0.450810 0.150463 0.072917
0 0.518519 0.532407 0.157407 0.076389
0 0.536651 0.616898 0.170525 0.087963
0 0.563657 0.706597 0.173611 0.103009
0 0.589892 0.791088 0.179784 0.112269
0 0.758488 0.803241 0.171296 0.092593
0 0.718750 0.710069 0.176698 0.100694
0 0.698302 0.622685 0.162037 0.081019
0 0.663966 0.538773 0.152006 0.079861
0 0.639275 0.459491 0.161265 0.076389
