0 0.684799 0.092014 0.179784 0.079861
0 0.695216 0.187500 0.188272 0.099537
0 0.705247 0.300926 0.186728 0.127315
0 0.718364 0.415509 0.203704 0.122685
0 0.737654 0.564236 0.214506 0.126157
0 0.752315 0.730324 0.223765 0.162037
0 0.500000 0.104167 0.168210 0.090278
0 0.501157 0.200231 0.179784 0.101852
0 0.498071 0.306134 0.195216 0.112269
0 0.499228 0.432292 0.205247 0.133102
0 0.494985 0.570023 0.212191 0.149306
0 0.500000 0.730324 0.242284 0.162037
0 0.320216 0.120949 0.175926 0.096065
0 0.316358 0.211227 0.183642 0.103009
0 0.297840 0.317708 0.192901 0.119213
0 0.287037 0.440394 0.203704 0.116898
0 0.274306 0.577546 0.213735 0.136574
0 0.255015 0.737847 0.216821 0.151620
