0 0.606096 0.062500 0.167438 0.090278
0 0.613426 0.155671 0.172840 0.098380
0 0.623457 0.269676 0.186728 0.118056
0 0.638889 0.390046 0.208333 0.127315
0 0.648534 0.529514 0.213735 0.144676
0 0.662423 0.696181 0.229167 0.167824
0 0.422454 0.079861 0.179784 0.090278
0 0.247299 0.092593 0.172068 0.097222
0 0.231481 0.189236 0.179012 0.100694
0 0.217207 0.302083 0.185957 0.118056
0 0.202160 0.420139 0.202160 0.122685
0 0.185957 0.556713 0.223765 0.136574
0 0.161265 0.705440 0.226852 0.146991
0 0.408179 0.709491 0.231481 0.164352
0 0.406636 0.545718 0.233025 0.151620
0 0.407407 0.407407 0.214506 0.131944
0 0.416667 0.284144 0.202160 0.126157
0 0.416667 0.183449 0.189815 0.100694
