1 0.350309 0.340856 0.166667 0.093750
1 0.396219 0.607639 0.189043 0.111111
1 0.418210 0.703704 0.186728 0.104167
1 0.761188 0.721065 0.189043 0.106481
0 0.367670 0.428819 0.161265 0.091435
0 0.382716 0.510995 0.169753 0.082176
0 0.543981 0.508681 0.166667 0.084491
0 0.570602 0.604745 0.170525 0.089120
0 0.589506 0.708333 0.179012 0.099537
0 0.729938 0.614583 0.174383 0.097222
0 0.705247 0.528356 0.163580 0.089120
0 0.684028 0.445023 0.165895 0.077546
0 0.656250 0.361690 0.165895 0.082176
0 0.505015 0.348380 0.150463 0.083333
0 0.530478 0.431713 0.158179 0.081019
