0 0.666281 0.123264 0.165895 0.109954
0 0.674383 0.246528 0.172840 0.143519
0 0.684414 0.391782 0.189815 0.165509
0 0.711034 0.560185 0.224537 0.194444
0 0.716435 0.784144 0.224537 0.239583
0 0.486111 0.152778 0.160494 0.122685
0 0.482253 0.268519 0.182099 0.143519
0 0.475309 0.413773 0.208333 0.165509
0 0.463735 0.585648 0.214506 0.192130
0 0.457176 0.798611 0.232253 0.243056
0 0.319830 0.179398 0.167438 0.115741
0 0.298997 0.295718 0.182870 0.140046
0 0.275463 0.432870 0.203704 0.155093
0 0.243056 0.596065 0.222222 0.185185
0 0.219907 0.792824 0.245370 0.208333
