0 0.566358 0.097801 0.180556 0.084491
0 0.572145 0.192708 0.181327 0.103009
0 0.579090 0.300347 0.192130 0.103009
0 0.586420 0.422454 0.220679 0.136574
0 0.586034 0.559028 0.241512 0.138889
0 0.597608 0.725116 0.244599 0.158565
0 0.342593 0.738426 0.231481 0.143519
0 0.353395 0.572917 0.222222 0.141204
0 0.363812 0.432292 0.210648 0.133102
0 0.369599 0.309028 0.202160 0.118056
0 0.374614 0.208912 0.192130 0.103009
0 0.386188 0.115741 0.175154 0.090278
0 0.210262 0.135417 0.164352 0.092593
0 0.190586 0.229167 0.175926 0.104167
0 0.175540 0.333912 0.204475 0.114583
0 0.156250 0.447917 0.222994 0.127315
0 0.125386 0.589120 0.221451 0.138889
0 0.111497 0.742477 0.221451 0.149306
