0 0.597608 0.681134 0.172068 0.079861
0 0.574460 0.597222 0.176698 0.085648
0 0.541281 0.513310 0.167438 0.082176
0 0.510031 0.434028 0.165123 0.071759
0 0.483796 0.355903 0.148148 0.072917
0 0.323688 0.359375 0.162809 0.061343
0 0.356867 0.433449 0.170525 0.077546
0 0.379630 0.517361 0.168210 0.078704
0 0.407407 0.603009 0.171296 0.078704
0 0.438272 0.702546 0.179012 0.085648
0 0.766204 0.675926 0.172840 0.081019
0 0.726852 0.587963 0.175926 0.074074
0 0.697145 0.506944 0.156636 0.069444
0 0.662037 0.427083 0.162037 0.071759
0 0.624614 0.355903 0.153549 0.068287
