0 0.211806 0.349537 0.152006 0.092593
0 0.226852 0.431134 0.163580 0.091435
0 0.246142 0.519676 0.160494 0.090278
0 0.255787 0.608796 0.178241 0.090278
0 0.274691 0.703125 0.169753 0.089120
0 0.446759 0.718171 0.166667 0.098380
0 0.425540 0.623843 0.165895 0.087963
0 0.405478 0.531250 0.153549 0.092593
0 0.382330 0.449074 0.153549 0.087963
0 0.369213 0.374421 0.142747 0.084491
0 0.512346 0.391782 0.143519 0.079861
0 0.540123 0.465278 0.149691 0.076389
0 0.568673 0.550926 0.158951 0.099537
0 0.592593 0.634259 0.158951 0.090278
0 0.618441 0.730324 0.167438 0.106481
0 0.819830 0.423611 0.141204 0.071759
0 0.846451 0.493634 0.154321 0.079861
0 0.886188 0.578125 0.142747 0.091435
0 0.916281 0.664931 0.156636 0.082176
