0 0.220293 0.266204 0.153549 0.076389
0 0.236883 0.346065 0.162037 0.083333
0 0.258488 0.431134 0.162037 0.082176
0 0.276620 0.526042 0.167438 0.086806
0 0.295525 0.622106 0.177469 0.100694
0 0.468364 0.626736 0.169753 0.091435
0 0.441358 0.530093 0.165123 0.097222
0 0.414352 0.434028 0.158951 0.092593
0 0.397377 0.353588 0.154321 0.079861
0 0.374614 0.278356 0.150463 0.065972
0 0.525463 0.286458 0.145062 0.072917
0 0.551312 0.358796 0.142747 0.076389
0 0.576003 0.443866 0.164352 0.089120
0 0.608025 0.527199 0.157407 0.084491
0 0.633873 0.629630 0.155093 0.087963
0 0.829475 0.306134 0.143519 0.075231
0 0.866512 0.378472 0.148148 0.069444
0 0.910108 0.461806 0.147377 0.083333
0 0.936343 0.544560 0.127315 0.091435
