0 0.625772 0.155671 0.155864 0.109954
0 0.633102 0.276042 0.165895 0.126157
0 0.643904 0.420718 0.192130 0.149306
0 0.645833 0.592014 0.205247 0.177083
0 0.660880 0.807870 0.221451 0.240741
0 0.449846 0.170139 0.168210 0.111111
0 0.445216 0.285301 0.185185 0.126157
0 0.434028 0.430556 0.206019 0.162037
0 0.417052 0.599537 0.222994 0.189815
0 0.408565 0.807870 0.244599 0.201389
0 0.280864 0.179977 0.168210 0.116898
0 0.259645 0.291667 0.184414 0.134259
0 0.228781 0.444444 0.196759 0.138889
0 0.204861 0.606481 0.227623 0.166667
0 0.166667 0.807870 0.248457 0.194444
