1 0.339892 0.695023 0.201389 0.204861
1 0.334105 0.542824 0.189815 0.111111
1 0.538966 0.666088 0.201389 0.142361
1 0.529321 0.547454 0.203704 0.120370
1 0.518904 0.450810 0.192130 0.109954
1 0.492284 0.270833 0.175926 0.097222
0 0.737654 0.667245 0.189815 0.119213
0 0.718364 0.552083 0.202160 0.101852
0 0.699846 0.453704 0.191358 0.094907
0 0.676312 0.366319 0.173611 0.091435
0 0.664352 0.280093 0.171296 0.083333
0 0.499228 0.355903 0.179012 0.091435
0 0.326775 0.439815 0.181327 0.099537
0 0.324460 0.348380 0.175154 0.092593
0 0.317515 0.259838 0.168981 0.093750
0 0.623071 0.087384 0.135031 0.086806
