0 0.323688 0.644676 0.179784 0.111111
0 0.491898 0.660301 0.165895 0.109954
0 0.655864 0.667824 0.157407 0.104167
0 0.621142 0.569444 0.152778 0.087963
0 0.596451 0.480903 0.149691 0.089120
0 0.565586 0.392940 0.141975 0.072917
0 0.544367 0.325231 0.148920 0.090278
0 0.400849 0.306713 0.155093 0.087963
0 0.424383 0.384838 0.158951 0.084491
0 0.445602 0.461806 0.155093 0.094907
0 0.467207 0.554398 0.159722 0.094907
0 0.310957 0.541667 0.157407 0.094907
0 0.287809 0.447917 0.131173 0.081019
0 0.272762 0.360532 0.128858 0.068287
0 0.249228 0.278356 0.121914 0.068287
