0 0.608796 0.069444 0.168210 0.090278
0 0.617284 0.165509 0.171296 0.106481
0 0.621914 0.267940 0.180556 0.114583
0 0.630401 0.393519 0.195988 0.136574
0 0.639275 0.534722 0.207562 0.143519
0 0.648534 0.688079 0.221451 0.158565
0 0.401235 0.695023 0.217593 0.160880
0 0.172068 0.715856 0.205247 0.126157
0 0.192901 0.563657 0.192901 0.125000
0 0.207562 0.432292 0.189815 0.135417
0 0.229938 0.309606 0.183642 0.121528
0 0.242284 0.210648 0.180556 0.097222
0 0.255015 0.122106 0.159722 0.084491
0 0.418981 0.407407 0.205247 0.136574
0 0.407407 0.550926 0.206790 0.136574
0 0.398534 0.706597 0.219907 0.146991
0 0.418210 0.293981 0.186728 0.127315
0 0.422068 0.183449 0.177469 0.114583
0 0.425540 0.089120 0.175154 0.101852
