0 0.675926 0.715278 0.237654 0.166667
0 0.626929 0.090856 0.173611 0.084491
0 0.631173 0.186343 0.185185 0.104167
0 0.643519 0.292824 0.200617 0.115741
0 0.654321 0.413194 0.212963 0.131944
0 0.657793 0.559606 0.224537 0.144676
0 0.443287 0.109375 0.179784 0.096065
0 0.437500 0.201389 0.188272 0.101852
0 0.436343 0.307292 0.198302 0.112269
0 0.428241 0.421296 0.211420 0.131944
0 0.422068 0.568866 0.240741 0.140046
0 0.415895 0.734375 0.248457 0.170139
0 0.270448 0.123843 0.173611 0.094907
0 0.254244 0.219329 0.195216 0.100694
0 0.239583 0.315972 0.204475 0.115741
0 0.221836 0.436921 0.213735 0.126157
0 0.196759 0.572917 0.236111 0.136574
0 0.173611 0.730324 0.237654 0.159722
