0 0.679784 0.732639 0.186728 0.094907
0 0.654321 0.636574 0.177469 0.085648
0 0.640432 0.549190 0.172840 0.084491
0 0.625772 0.464699 0.165123 0.075231
0 0.605324 0.384838 0.153549 0.077546
0 0.444059 0.384259 0.161265 0.074074
0 0.455633 0.462384 0.165895 0.077546
0 0.465278 0.546875 0.171296 0.089120
0 0.476852 0.635417 0.191358 0.092593
0 0.492284 0.736111 0.182099 0.090278
0 0.304012 0.737847 0.191358 0.091435
0 0.296296 0.634259 0.177469 0.085648
0 0.288580 0.549769 0.179012 0.085648
0 0.282022 0.464699 0.170525 0.084491
0 0.276235 0.388889 0.162037 0.076389
