0 0.539738 0.092014 0.162809 0.093750
0 0.543981 0.180556 0.169753 0.101852
0 0.547454 0.288773 0.179784 0.121528
0 0.557485 0.409722 0.199846 0.131944
0 0.557099 0.550347 0.211420 0.156250
0 0.559799 0.714120 0.230710 0.159722
0 0.317130 0.714120 0.226852 0.145833
0 0.097608 0.728588 0.193673 0.144676
0 0.108025 0.579282 0.202160 0.135417
0 0.126157 0.447338 0.182870 0.119213
0 0.157793 0.331597 0.175154 0.112269
0 0.169753 0.229745 0.169753 0.105324
0 0.321373 0.563079 0.206019 0.137731
0 0.335648 0.424190 0.199074 0.135417
0 0.346451 0.307870 0.194444 0.122685
0 0.351080 0.204282 0.180556 0.107639
0 0.363040 0.112269 0.167438 0.094907
