0 0.171682 0.196759 0.258488 0.111111
0 0.175540 0.301505 0.263117 0.105324
0 0.183642 0.403935 0.273148 0.118056
0 0.187114 0.515046 0.275463 0.113426
0 0.197531 0.630787 0.294753 0.122685
0 0.200231 0.755208 0.290895 0.121528
0 0.506944 0.767361 0.290123 0.127315
0 0.490741 0.651042 0.279321 0.121528
0 0.478395 0.535880 0.270062 0.113426
0 0.467593 0.422454 0.266975 0.115741
0 0.439429 0.214699 0.253858 0.112269
0 0.447531 0.314236 0.256173 0.112269
0 0.697145 0.233796 0.252315 0.101852
0 0.715278 0.329282 0.260802 0.107639
0 0.737269 0.432292 0.270833 0.116898
0 0.760802 0.541667 0.276235 0.120370
0 0.785108 0.660301 0.286265 0.121528
0 0.805941 0.782407 0.284722 0.127315
