0 0.672454 0.789931 0.238426 0.163194
0 0.663966 0.618634 0.226080 0.135417
0 0.658565 0.477431 0.209105 0.121528
0 0.655478 0.344329 0.207562 0.091435
0 0.648534 0.241319 0.193673 0.086806
0 0.641204 0.141782 0.175926 0.072917
0 0.457176 0.157407 0.164352 0.085648
0 0.448688 0.250579 0.182870 0.105324
0 0.444444 0.360532 0.195988 0.114583
0 0.432485 0.480324 0.201389 0.113426
0 0.430556 0.629051 0.217593 0.142361
0 0.415895 0.786458 0.234568 0.144676
0 0.173611 0.776042 0.214506 0.133102
0 0.198688 0.634259 0.215278 0.127315
0 0.223765 0.484954 0.202160 0.113426
0 0.241898 0.366319 0.199846 0.112269
0 0.268519 0.267940 0.175926 0.105324
0 0.280478 0.169560 0.172068 0.093750
