0 0.683256 0.138310 0.176698 0.112269
0 0.690972 0.258102 0.187500 0.134259
0 0.696373 0.403935 0.202932 0.152778
0 0.706019 0.585069 0.231481 0.193287
0 0.713349 0.793403 0.249228 0.228009
0 0.505015 0.155093 0.181327 0.115741
0 0.330633 0.170139 0.167438 0.120370
0 0.302083 0.285880 0.175154 0.122685
0 0.489583 0.277778 0.193673 0.136574
0 0.479938 0.416088 0.211420 0.156250
0 0.463349 0.589120 0.235340 0.187500
0 0.449846 0.793981 0.243827 0.212963
0 0.278935 0.419560 0.204475 0.160880
0 0.251543 0.587384 0.228395 0.172454
0 0.214506 0.775463 0.236111 0.185185
