0 0.665895 0.690394 0.225309 0.179398
0 0.650463 0.546875 0.217593 0.133102
0 0.637731 0.387153 0.204475 0.140046
0 0.629244 0.260995 0.187500 0.130787
0 0.613040 0.152778 0.175154 0.106481
0 0.608025 0.058449 0.168210 0.105324
0 0.425154 0.089120 0.165123 0.106481
0 0.420139 0.184028 0.172068 0.113426
0 0.418981 0.285301 0.179012 0.109954
0 0.409722 0.417824 0.199074 0.122685
0 0.403935 0.563079 0.215278 0.146991
0 0.401235 0.725694 0.229938 0.150463
0 0.156250 0.743634 0.215278 0.137731
0 0.174769 0.582176 0.199846 0.141204
0 0.201003 0.439815 0.189043 0.118056
0 0.209877 0.325810 0.197531 0.121528
0 0.224537 0.219907 0.174383 0.115741
0 0.241512 0.119213 0.166667 0.099537
