0 0.727238 0.748843 0.235340 0.199074
0 0.707948 0.576389 0.230710 0.152778
0 0.697917 0.431713 0.212191 0.134259
0 0.679398 0.311921 0.190586 0.133102
0 0.668596 0.196181 0.189043 0.096065
0 0.663580 0.104745 0.172840 0.105324
0 0.475694 0.123843 0.184414 0.090278
0 0.472222 0.218750 0.192901 0.106481
0 0.473380 0.322917 0.218364 0.129630
0 0.464892 0.443866 0.226080 0.140046
0 0.464892 0.593171 0.236883 0.153935
0 0.457948 0.757523 0.250772 0.177083
0 0.294753 0.138310 0.175926 0.103009
0 0.285108 0.232639 0.189043 0.099537
0 0.264660 0.335069 0.197531 0.109954
0 0.250386 0.459491 0.212191 0.136574
0 0.230710 0.598380 0.229938 0.148148
0 0.210262 0.763889 0.238426 0.175926
