0 0.277778 0.729745 0.174383 0.107639
0 0.468750 0.743056 0.192130 0.097222
0 0.655864 0.754630 0.180556 0.099537
0 0.276620 0.628472 0.178241 0.099537
0 0.455247 0.636574 0.172840 0.097222
0 0.633873 0.651620 0.172068 0.097222
0 0.616512 0.554398 0.168210 0.085648
0 0.604552 0.475116 0.164352 0.084491
0 0.584877 0.389468 0.158951 0.082176
0 0.447531 0.544560 0.174383 0.093750
0 0.273148 0.532407 0.171296 0.097222
0 0.267361 0.446759 0.165895 0.099537
0 0.262346 0.369213 0.152778 0.087963
0 0.425154 0.381366 0.158951 0.086806
0 0.437886 0.459491 0.164352 0.092593
