0 0.301312 0.405671 0.162809 0.079861
0 0.315972 0.489005 0.165895 0.075231
0 0.333719 0.577546 0.176698 0.101852
0 0.347608 0.672454 0.170525 0.097222
0 0.364583 0.778935 0.176698 0.101852
0 0.547454 0.787037 0.170525 0.113426
0 0.717593 0.788773 0.163580 0.096065
0 0.525077 0.678819 0.158179 0.091435
0 0.691358 0.690972 0.163580 0.090278
0 0.498457 0.584491 0.158951 0.090278
0 0.665509 0.601273 0.173611 0.105324
0 0.481867 0.504630 0.164352 0.087963
0 0.636960 0.513310 0.162809 0.089120
0 0.459877 0.417824 0.165123 0.087963
0 0.613426 0.431713 0.155864 0.087963
