0 0.636574 0.148148 0.154321 0.101852
0 0.649306 0.269097 0.167438 0.116898
0 0.653935 0.412037 0.176698 0.157407
0 0.671682 0.593750 0.206019 0.182870
0 0.690972 0.795139 0.221451 0.219907
0 0.420910 0.799190 0.232253 0.186343
0 0.428627 0.594907 0.209105 0.180556
0 0.447531 0.427083 0.194444 0.148148
0 0.454861 0.281250 0.192130 0.136574
0 0.469136 0.163194 0.168210 0.115741
0 0.297454 0.173611 0.161265 0.111111
0 0.269676 0.292824 0.189043 0.122685
0 0.248071 0.428241 0.207562 0.157407
0 0.213735 0.601273 0.229938 0.179398
0 0.181713 0.795139 0.244599 0.192130
