2 0.346451 0.648727 0.165123 0.109954
2 0.520833 0.675347 0.148148 0.119213
2 0.689429 0.694444 0.156636 0.106481
0 0.675540 0.484375 0.161265 0.109954
0 0.508873 0.465856 0.159722 0.100694
0 0.341821 0.455440 0.162037 0.077546
0 0.326003 0.348958 0.148920 0.068287
0 0.308256 0.258681 0.144290 0.084491
0 0.292438 0.176505 0.129630 0.068287
0 0.444059 0.201968 0.159722 0.084491
0 0.466821 0.278356 0.157407 0.084491
0 0.488426 0.368056 0.165123 0.099537
0 0.636574 0.382523 0.141975 0.082176
0 0.621142 0.307292 0.158951 0.079861
0 0.597994 0.223958 0.152778 0.086806
