0 0.666667 0.160301 0.177469 0.130787
0 0.685957 0.265625 0.205247 0.137731
0 0.689429 0.421875 0.206019 0.177083
0 0.721836 0.587384 0.229167 0.195602
0 0.730710 0.815394 0.254630 0.244213
0 0.476466 0.829282 0.226080 0.218750
0 0.239969 0.836806 0.223765 0.196759
0 0.472608 0.622106 0.213735 0.195602
0 0.261188 0.640625 0.215278 0.195602
0 0.290509 0.477431 0.198302 0.163194
0 0.311343 0.343171 0.178241 0.142361
0 0.328318 0.229745 0.164352 0.123843
0 0.489198 0.195023 0.179012 0.123843
0 0.487654 0.310764 0.183642 0.158565
0 0.484954 0.453125 0.201389 0.177083
