1 0.443287 0.260995 0.247685 0.096065
0 0.160880 0.134259 0.260031 0.104167
0 0.170525 0.240741 0.273148 0.108796
0 0.174383 0.341435 0.270062 0.108796
0 0.184799 0.453125 0.295525 0.126157
0 0.201389 0.578125 0.285494 0.121528
0 0.214506 0.698495 0.297840 0.130787
0 0.434799 0.157407 0.253858 0.106481
0 0.464892 0.362847 0.266204 0.114583
0 0.484182 0.472222 0.281636 0.122685
0 0.503858 0.589120 0.290123 0.125000
0 0.525077 0.714120 0.295525 0.138889
0 0.692901 0.167245 0.262346 0.103009
0 0.716821 0.262731 0.266975 0.111111
0 0.740741 0.370949 0.273148 0.112269
0 0.766204 0.480324 0.280864 0.115741
0 0.794753 0.600116 0.304012 0.121528
0 0.826775 0.723380 0.309414 0.136574
