1 0.473380 0.262731 0.182870 0.115741
1 0.452160 0.573495 0.226852 0.170139
0 0.707176 0.773727 0.246142 0.225694
0 0.687114 0.567708 0.213735 0.177083
0 0.675926 0.388310 0.182099 0.149306
0 0.667052 0.240162 0.173611 0.126157
0 0.657022 0.120370 0.153549 0.106481
0 0.479167 0.142361 0.162037 0.104167
0 0.310957 0.151620 0.172840 0.106481
0 0.282407 0.266782 0.183642 0.119213
0 0.253086 0.406829 0.202160 0.140046
0 0.223380 0.571181 0.218364 0.167824
0 0.187886 0.767361 0.239969 0.182870
0 0.437886 0.778935 0.244599 0.222222
