0 0.290509 0.130787 0.172068 0.097222
0 0.272762 0.218171 0.181327 0.114583
0 0.258488 0.321759 0.189815 0.122685
0 0.245756 0.434606 0.207562 0.123843
0 0.227238 0.571181 0.209105 0.156250
0 0.209491 0.722222 0.221451 0.159722
0 0.442130 0.715278 0.236111 0.157407
0 0.694830 0.700231 0.227623 0.155093
0 0.682485 0.539352 0.229167 0.145833
0 0.447145 0.559028 0.226080 0.164352
0 0.454475 0.421296 0.216049 0.138889
0 0.456019 0.303819 0.209877 0.121528
0 0.462191 0.200231 0.188272 0.104167
0 0.463735 0.107639 0.177469 0.092593
0 0.641975 0.093171 0.165123 0.098380
0 0.652778 0.185764 0.189815 0.100694
0 0.667438 0.289352 0.195988 0.125000
0 0.671682 0.410880 0.202932 0.131944
0 0.694444 0.707755 0.231481 0.158565
