0 0.228009 0.388889 0.156636 0.074074
0 0.239583 0.466435 0.159722 0.083333
0 0.256944 0.565972 0.179012 0.085648
0 0.276620 0.659144 0.176698 0.082176
0 0.298225 0.758681 0.190586 0.093750
0 0.466435 0.750000 0.173611 0.097222
0 0.448688 0.649306 0.173611 0.087963
0 0.642361 0.752315 0.178241 0.108796
0 0.617284 0.657407 0.168210 0.097222
0 0.590664 0.568287 0.161265 0.092593
0 0.559028 0.479167 0.156636 0.092593
0 0.535880 0.400463 0.153549 0.081019
0 0.391204 0.401042 0.157407 0.072917
0 0.408179 0.475694 0.158951 0.083333
0 0.427083 0.560185 0.165895 0.078704
