0 0.275077 0.659722 0.255401 0.125000
0 0.271605 0.548032 0.245370 0.107639
0 0.261574 0.453704 0.242284 0.111111
0 0.253472 0.348958 0.239969 0.109954
0 0.245756 0.253472 0.229167 0.106481
0 0.239198 0.163194 0.219136 0.097222
0 0.472608 0.185764 0.216821 0.091435
0 0.481867 0.271991 0.230710 0.104167
0 0.498071 0.370370 0.236883 0.113426
0 0.516204 0.468171 0.237654 0.116898
0 0.529321 0.571759 0.246914 0.115741
0 0.542438 0.680556 0.253086 0.115741
0 0.804012 0.702546 0.253086 0.125000
0 0.785108 0.594329 0.249228 0.116898
0 0.763503 0.491898 0.243056 0.111111
0 0.735725 0.390046 0.236883 0.104167
0 0.716435 0.298032 0.222994 0.098380
0 0.699846 0.210069 0.219136 0.098380
