0 0.636188 0.100116 0.161265 0.112269
0 0.640432 0.220486 0.171296 0.135417
0 0.654321 0.357639 0.189815 0.157407
0 0.681713 0.532986 0.218364 0.184028
0 0.693287 0.745949 0.263117 0.244213
0 0.428627 0.765046 0.238426 0.217593
0 0.437500 0.555556 0.222222 0.187500
0 0.446759 0.384838 0.202160 0.156250
0 0.452546 0.245949 0.182870 0.140046
0 0.456790 0.126157 0.174383 0.118056
0 0.290123 0.149884 0.162037 0.126157
0 0.267747 0.270833 0.180556 0.134259
0 0.243827 0.401042 0.199074 0.149306
0 0.215278 0.572917 0.209877 0.166667
0 0.182870 0.767361 0.226852 0.196759
