0 0.614583 0.086806 0.159722 0.090278
0 0.624228 0.179977 0.171296 0.112269
0 0.634259 0.292245 0.188272 0.109954
0 0.642361 0.407986 0.189043 0.135417
0 0.655478 0.555556 0.210648 0.150463
0 0.664352 0.718171 0.217593 0.167824
0 0.411651 0.716435 0.227623 0.157407
0 0.413966 0.567130 0.229167 0.152778
0 0.420139 0.431134 0.196759 0.135417
0 0.423997 0.307870 0.198302 0.118056
0 0.427469 0.196181 0.175926 0.114583
0 0.429398 0.098958 0.164352 0.096065
0 0.254244 0.122685 0.167438 0.094907
0 0.243056 0.216435 0.169753 0.111111
0 0.224537 0.320602 0.183642 0.125000
0 0.207562 0.449074 0.189815 0.129630
0 0.191744 0.581597 0.213735 0.142361
0 0.175926 0.736690 0.222222 0.156250
