0 0.685957 0.667824 0.239198 0.129630
0 0.673997 0.515046 0.232253 0.108796
0 0.657793 0.376736 0.199846 0.130787
0 0.653164 0.258102 0.179784 0.120370
0 0.639660 0.145833 0.169753 0.106481
0 0.633488 0.048032 0.162037 0.089120
0 0.451775 0.076389 0.162809 0.094907
0 0.453318 0.170718 0.170525 0.107639
0 0.446759 0.280671 0.182099 0.107639
0 0.447531 0.400463 0.195988 0.127315
0 0.440586 0.537616 0.202160 0.146991
0 0.437500 0.681713 0.217593 0.150463
0 0.208719 0.688657 0.210648 0.141204
0 0.228395 0.548032 0.191358 0.135417
0 0.246914 0.418981 0.188272 0.127315
0 0.258102 0.303819 0.182870 0.116898
0 0.271991 0.195602 0.168981 0.106481
0 0.282022 0.098380 0.170525 0.101852
