0 0.651235 0.154514 0.171296 0.107639
0 0.653549 0.275463 0.177469 0.143519
0 0.666281 0.411458 0.190586 0.177083
0 0.676698 0.592014 0.216049 0.197917
0 0.701003 0.803819 0.233796 0.237269
0 0.440586 0.806713 0.234568 0.210648
0 0.447531 0.605903 0.216049 0.190972
0 0.456404 0.434606 0.206019 0.165509
0 0.468364 0.293403 0.183642 0.142361
0 0.472994 0.185185 0.171296 0.118056
0 0.304398 0.206597 0.165895 0.123843
0 0.287809 0.315394 0.180556 0.135417
0 0.260417 0.447917 0.199846 0.168981
0 0.229552 0.613426 0.222994 0.175926
0 0.199460 0.803819 0.241512 0.207176
