0 0.643133 0.129630 0.167438 0.122685
0 0.653549 0.252894 0.179012 0.135417
0 0.676698 0.387153 0.195988 0.151620
0 0.675926 0.575231 0.217593 0.199074
0 0.701389 0.767361 0.229938 0.215278
0 0.468364 0.148148 0.166667 0.113426
0 0.457948 0.265046 0.187500 0.138889
0 0.451003 0.414352 0.210648 0.162037
0 0.446759 0.592014 0.225309 0.190972
0 0.441358 0.779514 0.250000 0.211806
0 0.293596 0.157986 0.162809 0.121528
0 0.282793 0.277778 0.189043 0.131944
0 0.253472 0.417824 0.198302 0.157407
0 0.225694 0.592014 0.222994 0.179398
0 0.199460 0.791667 0.243056 0.206019
