2 0.312114 0.949074 0.168981 0.097222
2 0.493827 0.952546 0.160494 0.092593
2 0.672068 0.949074 0.163580 0.092593
0 0.299769 0.753472 0.176698 0.092593
0 0.478395 0.756944 0.172840 0.090278
0 0.644676 0.751736 0.172068 0.091435
0 0.614198 0.662037 0.160494 0.078704
0 0.448302 0.657986 0.171296 0.077546
0 0.278549 0.656829 0.172840 0.091435
0 0.262731 0.564236 0.165895 0.082176
0 0.245756 0.484375 0.155093 0.077546
0 0.405864 0.483796 0.152778 0.074074
0 0.427855 0.572338 0.162809 0.077546
0 0.584491 0.575810 0.164352 0.079861
0 0.557099 0.497106 0.148148 0.082176
