0 0.165895 0.218171 0.260802 0.114583
0 0.179784 0.326389 0.271605 0.115741
0 0.189429 0.435764 0.280093 0.128472
0 0.201389 0.550347 0.282407 0.128472
0 0.210648 0.671875 0.293210 0.133102
0 0.229938 0.803819 0.302469 0.135417
0 0.527392 0.814815 0.292438 0.141204
0 0.502315 0.685185 0.288580 0.129630
0 0.483796 0.565394 0.280864 0.130787
0 0.463349 0.451389 0.260031 0.118056
0 0.446373 0.345486 0.264660 0.109954
0 0.431713 0.243056 0.255401 0.118056
0 0.685957 0.255787 0.257716 0.108796
0 0.707562 0.357060 0.260802 0.116898
0 0.734954 0.467593 0.266204 0.118056
0 0.762731 0.579282 0.280093 0.126157
0 0.795139 0.695023 0.290895 0.133102
0 0.831790 0.821181 0.291667 0.135417
