0 0.310185 0.339120 0.154321 0.090278
0 0.315586 0.416088 0.165123 0.098380
0 0.332948 0.505208 0.168981 0.103009
0 0.342207 0.604167 0.176698 0.104167
0 0.355324 0.703125 0.176698 0.103009
0 0.533179 0.719907 0.163580 0.104167
0 0.514660 0.626736 0.165123 0.103009
0 0.498071 0.531829 0.155093 0.098380
0 0.479167 0.442708 0.149691 0.084491
0 0.464892 0.364005 0.144290 0.077546
0 0.609568 0.385417 0.137346 0.081019
0 0.630015 0.466435 0.153549 0.087963
0 0.652006 0.548611 0.162037 0.101852
0 0.675540 0.645255 0.167438 0.105324
0 0.703318 0.741319 0.168981 0.112269
