0 0.719136 0.849537 0.277778 0.231481
0 0.698302 0.627894 0.228395 0.190972
0 0.685185 0.451389 0.202160 0.164352
0 0.675926 0.313657 0.177469 0.134259
0 0.664352 0.198495 0.163580 0.112269
0 0.485725 0.209491 0.172068 0.108796
0 0.481096 0.322338 0.187500 0.133102
0 0.469522 0.468171 0.212191 0.160880
0 0.455633 0.634259 0.227623 0.187500
0 0.450617 0.845486 0.254630 0.214120
0 0.200231 0.836806 0.247685 0.182870
0 0.242670 0.634838 0.224537 0.174769
0 0.268519 0.467593 0.200617 0.152778
0 0.294753 0.337963 0.189815 0.125000
0 0.319059 0.226273 0.159722 0.109954
