0 0.582176 0.088542 0.172068 0.089120
0 0.584491 0.190972 0.181327 0.099537
0 0.587191 0.295718 0.192901 0.109954
0 0.587963 0.421875 0.214506 0.137731
0 0.601080 0.576968 0.246914 0.151620
0 0.597994 0.753472 0.243827 0.166667
0 0.341821 0.730903 0.236111 0.153935
0 0.099151 0.739005 0.196759 0.140046
0 0.119599 0.590856 0.212963 0.133102
0 0.217978 0.130787 0.172068 0.092593
0 0.199846 0.223958 0.186728 0.103009
0 0.173997 0.332755 0.189043 0.114583
0 0.152006 0.451968 0.209877 0.123843
0 0.393519 0.115741 0.171296 0.106481
0 0.383873 0.203704 0.184414 0.104167
0 0.371142 0.311921 0.191358 0.123843
0 0.367284 0.432870 0.220679 0.134259
0 0.346065 0.578704 0.226080 0.141204
