0 0.600694 0.046875 0.164352 0.089120
0 0.609182 0.146412 0.181327 0.100694
0 0.611883 0.256944 0.189815 0.108796
0 0.614969 0.377894 0.203704 0.123843
0 0.625000 0.523148 0.220679 0.138889
0 0.634259 0.678241 0.233025 0.152778
0 0.413580 0.059606 0.172840 0.086806
0 0.405864 0.155093 0.180556 0.099537
0 0.401235 0.262731 0.202160 0.118056
0 0.391590 0.387153 0.215278 0.133102
0 0.380015 0.531250 0.222994 0.143519
0 0.371914 0.689236 0.233025 0.146991
0 0.130787 0.680556 0.227623 0.138889
0 0.235340 0.072917 0.172840 0.083333
0 0.220293 0.165509 0.182870 0.097222
0 0.198302 0.274306 0.195988 0.104167
0 0.179012 0.395833 0.203704 0.122685
0 0.160108 0.530093 0.213735 0.134259
