0 0.408179 0.763310 0.183642 0.105324
0 0.395062 0.662037 0.179012 0.090278
0 0.378858 0.560764 0.174383 0.091435
0 0.364583 0.476273 0.168981 0.082176
0 0.354167 0.394676 0.162037 0.081019
0 0.514660 0.401620 0.160494 0.074074
0 0.533179 0.481481 0.165123 0.085648
0 0.554012 0.570023 0.185185 0.096065
0 0.578704 0.667245 0.186728 0.105324
0 0.599537 0.769676 0.186728 0.099537
0 0.778164 0.773727 0.181327 0.098380
0 0.752315 0.672454 0.183642 0.099537
0 0.722222 0.579861 0.171296 0.087963
0 0.699074 0.493056 0.172840 0.083333
0 0.671682 0.414931 0.158179 0.084491
