0 0.580247 0.674190 0.225309 0.133102
0 0.578318 0.516782 0.222994 0.128472
0 0.575617 0.387731 0.206790 0.118056
0 0.560571 0.264468 0.189043 0.137731
0 0.554012 0.149306 0.179012 0.113426
0 0.548997 0.058449 0.162809 0.103009
0 0.366127 0.081597 0.161265 0.107639
0 0.364969 0.182292 0.174383 0.114583
0 0.363040 0.284144 0.190586 0.135417
0 0.354552 0.409144 0.206019 0.142361
0 0.349923 0.548032 0.209105 0.167824
0 0.344522 0.694444 0.209105 0.159722
0 0.124614 0.711806 0.216821 0.145833
0 0.137346 0.570602 0.199074 0.145833
0 0.158951 0.439815 0.185185 0.129630
0 0.173225 0.318287 0.182870 0.129630
0 0.184414 0.210069 0.177469 0.119213
0 0.194059 0.117477 0.159722 0.109954
