0 0.635031 0.142361 0.166667 0.122685
0 0.644676 0.262731 0.167438 0.134259
0 0.653935 0.394097 0.204475 0.170139
0 0.663580 0.575810 0.219136 0.190972
0 0.674383 0.778356 0.226852 0.223380
0 0.423225 0.796875 0.229167 0.221065
0 0.432870 0.589120 0.220679 0.178241
0 0.443673 0.423611 0.194444 0.168981
0 0.454475 0.285880 0.177469 0.141204
0 0.459877 0.173611 0.157407 0.127315
0 0.300540 0.196181 0.158179 0.128472
0 0.276235 0.310764 0.180556 0.137731
0 0.248843 0.445602 0.193673 0.148148
0 0.217207 0.608796 0.204475 0.178241
0 0.181713 0.802662 0.236883 0.197917
