0 0.616898 0.064815 0.170525 0.094907
0 0.623843 0.159144 0.176698 0.109954
0 0.631173 0.272569 0.186728 0.119213
0 0.639275 0.398148 0.212191 0.131944
0 0.650849 0.538773 0.221451 0.158565
0 0.659336 0.711227 0.235340 0.160880
0 0.397377 0.711806 0.239198 0.162037
0 0.431327 0.086806 0.168210 0.090278
0 0.422454 0.182292 0.182870 0.114583
0 0.416667 0.289352 0.189815 0.113426
0 0.410108 0.410301 0.207562 0.123843
0 0.405864 0.553819 0.226852 0.142361
0 0.255401 0.112269 0.168210 0.099537
0 0.243441 0.201968 0.181327 0.107639
0 0.218364 0.313079 0.195988 0.114583
0 0.202160 0.432870 0.200617 0.138889
0 0.179398 0.570602 0.213735 0.152778
0 0.153935 0.717593 0.227623 0.155093
