0 0.711806 0.107060 0.184414 0.072917
0 0.724537 0.203125 0.191358 0.089120
0 0.740355 0.304977 0.207562 0.107639
0 0.756173 0.431134 0.216049 0.116898
0 0.773534 0.579861 0.239969 0.122685
0 0.788966 0.733218 0.249228 0.142361
0 0.525077 0.123264 0.168981 0.063657
0 0.521991 0.214699 0.176698 0.100694
0 0.526620 0.321181 0.198302 0.114583
0 0.525463 0.438657 0.205247 0.127315
0 0.523148 0.585648 0.222222 0.138889
0 0.523148 0.746528 0.226852 0.155093
0 0.275077 0.751736 0.229167 0.144676
0 0.297068 0.595486 0.216049 0.142361
0 0.319059 0.457755 0.198302 0.133102
0 0.332176 0.337384 0.199846 0.119213
0 0.335648 0.233796 0.179012 0.099537
0 0.344907 0.137153 0.171296 0.098380
