0 0.662809 0.803819 0.185185 0.093750
0 0.643133 0.704282 0.182870 0.096065
0 0.625000 0.620370 0.175926 0.087963
0 0.605324 0.539931 0.167438 0.082176
0 0.588349 0.460648 0.156636 0.081019
0 0.426698 0.456019 0.162037 0.076389
0 0.445602 0.534144 0.164352 0.077546
0 0.451003 0.615741 0.168981 0.090278
0 0.462191 0.706019 0.182099 0.094907
0 0.476080 0.801505 0.185185 0.091435
0 0.288194 0.804398 0.178241 0.099537
0 0.281636 0.705440 0.183642 0.091435
0 0.272762 0.615162 0.172068 0.089120
0 0.270833 0.529514 0.171296 0.084491
0 0.265818 0.454282 0.162809 0.077546
