2 0.474923 0.872685 0.147377 0.106481
0 0.298997 0.759259 0.162809 0.092593
0 0.297840 0.664931 0.162037 0.089120
0 0.294367 0.574653 0.158179 0.082176
0 0.288194 0.490162 0.158179 0.082176
0 0.282793 0.418981 0.155093 0.074074
0 0.436343 0.424190 0.145833 0.072917
0 0.446759 0.500579 0.151235 0.075231
0 0.459491 0.582176 0.158179 0.083333
0 0.465664 0.663773 0.165895 0.089120
0 0.656636 0.770255 0.162037 0.089120
0 0.639660 0.677083 0.168210 0.097222
0 0.620370 0.588542 0.154321 0.086806
0 0.604552 0.506366 0.155093 0.082176
0 0.589892 0.431713 0.147377 0.076389
