1 0.363040 0.328125 0.161265 0.089120
1 0.424383 0.689236 0.180556 0.105324
1 0.407022 0.582755 0.176698 0.098380
1 0.775849 0.701389 0.181327 0.111111
0 0.598765 0.697338 0.183642 0.103009
0 0.578704 0.588542 0.174383 0.107639
0 0.556327 0.501157 0.171296 0.090278
0 0.389660 0.492477 0.166667 0.089120
0 0.376929 0.409144 0.162809 0.089120
0 0.535108 0.416667 0.159722 0.085648
0 0.522762 0.336227 0.141204 0.086806
0 0.666281 0.341435 0.153549 0.081019
0 0.690201 0.426505 0.161265 0.079861
0 0.716821 0.512153 0.165123 0.082176
0 0.746142 0.598380 0.183642 0.094907
