0 0.344907 0.401042 0.149691 0.086806
0 0.364198 0.486690 0.154321 0.084491
0 0.390432 0.568866 0.154321 0.093750
0 0.416281 0.664931 0.155093 0.089120
0 0.445602 0.760995 0.167438 0.098380
0 0.606867 0.786458 0.144290 0.086806
0 0.567901 0.679977 0.141975 0.093750
0 0.539738 0.593750 0.141204 0.087963
0 0.512346 0.504051 0.141975 0.082176
0 0.487654 0.429398 0.143519 0.085648
0 0.631173 0.456019 0.137346 0.083333
0 0.660880 0.530671 0.156636 0.084491
0 0.694444 0.600116 0.145062 0.079861
0 0.722608 0.705440 0.158179 0.098380
0 0.762346 0.791088 0.154321 0.098380
