0 0.215664 0.771991 0.278549 0.115741
0 0.199846 0.657407 0.268519 0.097222
0 0.193673 0.548611 0.263889 0.099537
0 0.179398 0.440972 0.255401 0.099537
0 0.173611 0.346065 0.256173 0.099537
0 0.160880 0.252315 0.241512 0.090278
0 0.410108 0.262153 0.229167 0.093750
0 0.500772 0.771991 0.260802 0.108796
0 0.477623 0.664352 0.262346 0.101852
0 0.459877 0.554398 0.253086 0.094907
0 0.444830 0.450810 0.249228 0.105324
0 0.425540 0.351273 0.241512 0.098380
0 0.780478 0.778356 0.256944 0.109954
0 0.750000 0.663194 0.257716 0.099537
0 0.718750 0.557292 0.256944 0.100694
0 0.696373 0.456597 0.255401 0.096065
0 0.670910 0.357060 0.241512 0.091435
0 0.648534 0.269097 0.233796 0.084491
