0 0.633488 0.087963 0.172840 0.085648
0 0.637346 0.179977 0.179012 0.086806
0 0.645833 0.288773 0.191358 0.112269
0 0.651620 0.416088 0.207562 0.123843
0 0.659722 0.552662 0.223765 0.140046
0 0.665895 0.718750 0.237654 0.145833
0 0.409722 0.715856 0.237654 0.149306
0 0.423225 0.560764 0.226080 0.142361
0 0.425926 0.420718 0.203704 0.123843
0 0.437500 0.293981 0.195988 0.115741
0 0.444059 0.189236 0.192130 0.107639
0 0.451389 0.101273 0.174383 0.096065
0 0.271991 0.114005 0.173611 0.093750
0 0.262731 0.204282 0.187500 0.105324
0 0.239198 0.310185 0.189815 0.113426
0 0.212577 0.426505 0.199846 0.119213
0 0.195602 0.563657 0.218364 0.129630
0 0.170525 0.712963 0.231481 0.141204
