0 0.650463 0.152199 0.168210 0.109954
0 0.653935 0.271991 0.190586 0.122685
0 0.663194 0.412037 0.210648 0.152778
0 0.670525 0.581019 0.228395 0.192130
0 0.687114 0.783565 0.255401 0.238426
0 0.473765 0.175347 0.169753 0.128472
0 0.464506 0.288194 0.189815 0.125000
0 0.449846 0.425347 0.202160 0.151620
0 0.443287 0.589699 0.219907 0.181713
0 0.420910 0.794560 0.246142 0.204861
0 0.303627 0.187500 0.158179 0.108796
0 0.285108 0.301505 0.181327 0.133102
0 0.256559 0.429398 0.192130 0.150463
0 0.219907 0.588542 0.216049 0.167824
0 0.186343 0.778356 0.246142 0.193287
