0 0.679012 0.657407 0.223765 0.131944
0 0.446759 0.662037 0.197531 0.134259
0 0.452932 0.516204 0.202160 0.134259
0 0.673611 0.503472 0.205247 0.120370
0 0.667824 0.368634 0.198302 0.100694
0 0.457562 0.373264 0.200617 0.105324
0 0.464506 0.256944 0.174383 0.097222
0 0.663194 0.246528 0.184414 0.094907
0 0.651235 0.145255 0.166667 0.105324
0 0.646605 0.053241 0.157407 0.087963
0 0.469136 0.062500 0.168210 0.099537
0 0.462577 0.157407 0.168981 0.101852
1 0.108410 0.116898 0.155093 0.087963
0 0.080633 0.206019 0.159722 0.099537
