0 0.348765 0.699074 0.186728 0.106481
0 0.338349 0.595486 0.181327 0.086806
0 0.330633 0.501157 0.173611 0.085648
0 0.327546 0.416667 0.165895 0.083333
0 0.318287 0.334491 0.158179 0.081019
0 0.538194 0.695602 0.179784 0.099537
0 0.525463 0.598380 0.182099 0.099537
0 0.508873 0.505787 0.176698 0.087963
0 0.496914 0.417245 0.166667 0.086806
0 0.484182 0.336806 0.161265 0.074074
0 0.643133 0.340278 0.159722 0.083333
0 0.665509 0.414931 0.158179 0.079861
0 0.682485 0.506944 0.170525 0.094907
0 0.703704 0.601273 0.172840 0.096065
0 0.726852 0.700231 0.186728 0.094907
