0 0.332948 0.727431 0.187500 0.091435
0 0.327932 0.627315 0.175926 0.090278
0 0.321373 0.533565 0.172068 0.085648
0 0.314429 0.447338 0.172068 0.077546
0 0.308642 0.358796 0.166667 0.076389
0 0.476080 0.362269 0.154321 0.074074
0 0.484954 0.438657 0.175154 0.078704
0 0.501157 0.531250 0.181327 0.083333
0 0.513117 0.623264 0.175926 0.089120
0 0.523534 0.724537 0.185957 0.090278
0 0.717593 0.722222 0.175926 0.085648
0 0.674769 0.530671 0.159722 0.079861
0 0.652006 0.442130 0.163580 0.083333
0 0.638503 0.363426 0.150463 0.069444
1 0.698688 0.620370 0.181327 0.092593
1 0.478395 0.269676 0.123457 0.087963
