0 0.291281 0.195023 0.168981 0.107639
0 0.266204 0.314236 0.194444 0.133102
0 0.242284 0.451389 0.208333 0.145833
0 0.206019 0.619792 0.219136 0.177083
0 0.176698 0.828704 0.226852 0.199074
0 0.464120 0.186343 0.172068 0.111111
0 0.460262 0.301505 0.184414 0.126157
0 0.447917 0.442130 0.209105 0.155093
0 0.445988 0.612847 0.231481 0.193287
0 0.430941 0.832755 0.236883 0.221065
0 0.700231 0.825231 0.238426 0.236111
0 0.689429 0.609954 0.213735 0.189815
0 0.666667 0.428819 0.185185 0.156250
0 0.658179 0.286458 0.175926 0.123843
0 0.643904 0.171296 0.152006 0.115741
