0 0.411265 0.748843 0.174383 0.104167
0 0.403549 0.643519 0.179012 0.097222
0 0.384259 0.555556 0.172840 0.097222
0 0.368441 0.461806 0.167438 0.081019
0 0.359954 0.383102 0.162809 0.083333
0 0.522377 0.387731 0.146605 0.078704
0 0.539352 0.467593 0.158951 0.081019
0 0.560185 0.558449 0.166667 0.089120
0 0.580633 0.653356 0.181327 0.107639
0 0.597608 0.749421 0.182870 0.105324
0 0.777778 0.755787 0.172840 0.099537
0 0.750000 0.658565 0.169753 0.087963
0 0.727238 0.569444 0.172068 0.085648
0 0.702546 0.481481 0.173611 0.078704
0 0.676698 0.398727 0.152778 0.079861
