0 0.289352 0.480903 0.137346 0.089120
0 0.331404 0.568866 0.127315 0.084491
0 0.353395 0.649884 0.126543 0.091435
0 0.381559 0.735532 0.147377 0.084491
0 0.412423 0.830440 0.152006 0.091435
0 0.542438 0.849537 0.140432 0.099537
0 0.502315 0.743056 0.135802 0.097222
0 0.471451 0.660301 0.120370 0.077546
0 0.439815 0.585648 0.129630 0.078704
0 0.418210 0.514468 0.123457 0.084491
0 0.530478 0.535880 0.116512 0.067130
0 0.564043 0.614583 0.115741 0.081019
0 0.599537 0.689236 0.120370 0.096065
0 0.631559 0.773148 0.131944 0.087963
0 0.673611 0.866898 0.140432 0.085648
