0 0.646991 0.107060 0.176698 0.116898
0 0.663580 0.222222 0.185185 0.138889
0 0.673611 0.369213 0.225309 0.162037
0 0.687500 0.541088 0.242284 0.193287
0 0.698302 0.765046 0.276235 0.243056
0 0.472994 0.134259 0.179012 0.118056
0 0.304012 0.155093 0.166667 0.115741
0 0.462191 0.247685 0.186728 0.141204
0 0.284336 0.270255 0.185957 0.137731
0 0.452932 0.383102 0.206790 0.162037
0 0.254244 0.405671 0.196759 0.158565
0 0.222608 0.569444 0.210648 0.171296
0 0.445216 0.559606 0.228395 0.188657
0 0.433642 0.760995 0.262346 0.214120
0 0.185571 0.759838 0.238426 0.207176
