0 0.627701 0.190394 0.159722 0.112269
0 0.460262 0.206597 0.170525 0.114583
0 0.297068 0.231481 0.163580 0.111111
0 0.639275 0.300926 0.176698 0.120370
0 0.451003 0.324074 0.190586 0.129630
0 0.270833 0.342014 0.179012 0.121528
0 0.236111 0.464120 0.208333 0.148148
0 0.432099 0.449074 0.209877 0.152778
0 0.646991 0.429398 0.206019 0.148148
0 0.653549 0.605324 0.219136 0.196759
0 0.417052 0.616319 0.236883 0.181713
0 0.201775 0.624421 0.224537 0.167824
0 0.666281 0.817130 0.261574 0.231481
0 0.395833 0.820602 0.263889 0.212963
0 0.166667 0.822338 0.246914 0.202546
