0 0.670910 0.103588 0.172068 0.086806
0 0.680941 0.195602 0.167438 0.092593
0 0.690972 0.299769 0.190586 0.101852
0 0.706790 0.418981 0.203704 0.122685
0 0.716435 0.553819 0.219907 0.137731
0 0.723380 0.710069 0.226080 0.156250
0 0.479938 0.706019 0.242284 0.141204
0 0.238040 0.710069 0.224537 0.146991
0 0.477238 0.561921 0.227623 0.140046
0 0.480710 0.423032 0.209877 0.128472
0 0.484954 0.309606 0.190586 0.109954
0 0.484954 0.204861 0.181327 0.101852
0 0.489583 0.111690 0.170525 0.091435
0 0.314429 0.126736 0.172068 0.103009
0 0.300926 0.219329 0.171296 0.096065
0 0.288194 0.317130 0.185957 0.113426
0 0.270833 0.433449 0.195988 0.133102
0 0.251543 0.565972 0.216049 0.138889
