0 0.273920 0.670718 0.265432 0.123843
0 0.263117 0.550926 0.262346 0.108796
0 0.251929 0.443866 0.252315 0.105324
0 0.245756 0.336227 0.250772 0.107639
0 0.235340 0.236690 0.237654 0.100694
0 0.222994 0.146412 0.240741 0.098380
0 0.465664 0.162616 0.233796 0.096065
0 0.479938 0.247685 0.239198 0.101852
0 0.497299 0.349537 0.243056 0.104167
0 0.515046 0.450231 0.261574 0.108796
0 0.539738 0.558449 0.252315 0.109954
0 0.552469 0.673611 0.256173 0.118056
0 0.823688 0.681134 0.266204 0.128472
0 0.800154 0.565394 0.271605 0.116898
0 0.770833 0.465856 0.248457 0.107639
0 0.750772 0.363426 0.257716 0.108796
0 0.727238 0.262731 0.243056 0.097222
0 0.704475 0.175926 0.231481 0.090278
