0 0.269676 0.373264 0.158179 0.082176
0 0.280093 0.445602 0.163580 0.069444
0 0.293596 0.530093 0.162809 0.087963
0 0.510802 0.754051 0.152778 0.112269
0 0.676698 0.751157 0.158951 0.097222
0 0.642747 0.656829 0.154321 0.084491
0 0.486497 0.639468 0.176698 0.086806
0 0.466435 0.553241 0.156636 0.083333
0 0.617284 0.562500 0.149691 0.076389
0 0.588349 0.480903 0.141204 0.072917
0 0.438272 0.462384 0.160494 0.070602
0 0.423225 0.382523 0.142747 0.070602
0 0.569830 0.401620 0.139660 0.081019
0 0.881173 0.434606 0.145062 0.065972
0 0.915509 0.509838 0.138117 0.075231
2 0.302855 0.768519 0.187500 0.182870
