0 0.192515 0.161458 0.235340 0.098380
0 0.202546 0.252894 0.236883 0.100694
0 0.212963 0.352431 0.242284 0.096065
0 0.221836 0.453704 0.250772 0.113426
0 0.236497 0.561343 0.255401 0.106481
0 0.248457 0.678819 0.268519 0.114583
0 0.433256 0.178241 0.226080 0.094907
0 0.448302 0.268519 0.234568 0.099537
0 0.462577 0.365741 0.238426 0.104167
0 0.480324 0.465856 0.243056 0.103009
0 0.500000 0.570602 0.250000 0.113426
0 0.521991 0.692130 0.263117 0.120370
0 0.661651 0.196181 0.222994 0.089120
0 0.680170 0.281250 0.229167 0.097222
0 0.707948 0.376157 0.236883 0.101852
0 0.730324 0.477431 0.238426 0.098380
0 0.759645 0.582176 0.256944 0.115741
0 0.785494 0.694444 0.263889 0.122685
