0 0.351080 0.765625 0.189815 0.105324
0 0.336420 0.660880 0.174383 0.104167
0 0.318287 0.567130 0.172068 0.097222
0 0.300540 0.477431 0.173611 0.091435
0 0.287037 0.393519 0.160494 0.087963
0 0.449074 0.410301 0.154321 0.082176
0 0.467593 0.492477 0.165123 0.082176
0 0.488040 0.576968 0.178241 0.093750
0 0.514660 0.677083 0.180556 0.097222
0 0.536265 0.773727 0.183642 0.091435
0 0.717207 0.780671 0.187500 0.096065
0 0.678627 0.685185 0.182870 0.106481
0 0.650463 0.596065 0.169753 0.106481
0 0.627315 0.504051 0.171296 0.091435
0 0.601852 0.423611 0.165123 0.081019
