0 0.641204 0.186343 0.158951 0.113426
0 0.649691 0.306134 0.171296 0.123843
0 0.665123 0.445023 0.200617 0.151620
0 0.665895 0.614583 0.216049 0.187500
0 0.690586 0.830440 0.236111 0.244213
0 0.466435 0.195602 0.173611 0.122685
0 0.465664 0.315394 0.176698 0.123843
0 0.446759 0.458912 0.208333 0.156250
0 0.435957 0.629051 0.222222 0.184028
0 0.426312 0.828125 0.243056 0.214120
0 0.298611 0.213542 0.171296 0.116898
0 0.277778 0.329861 0.188272 0.118056
0 0.250000 0.468750 0.205247 0.138889
0 0.226466 0.626736 0.224537 0.174769
0 0.181327 0.836227 0.239198 0.195602
