0 0.256173 0.632523 0.262346 0.123843
0 0.253472 0.519097 0.250772 0.130787
0 0.244599 0.414352 0.237654 0.115741
0 0.239969 0.311343 0.243827 0.118056
0 0.235725 0.215278 0.235340 0.118056
0 0.232253 0.122106 0.225309 0.116898
0 0.529707 0.656829 0.252315 0.128472
0 0.513503 0.545718 0.250772 0.114583
0 0.503858 0.440394 0.246914 0.116898
0 0.485340 0.340856 0.240741 0.116898
0 0.476080 0.243056 0.229938 0.106481
0 0.462963 0.152199 0.228395 0.109954
0 0.793210 0.676505 0.259259 0.116898
0 0.771605 0.572338 0.251543 0.114583
0 0.755401 0.465856 0.251543 0.114583
0 0.733796 0.367477 0.245370 0.116898
0 0.711806 0.268519 0.227623 0.111111
0 0.695216 0.179398 0.220679 0.101852
