0 0.243827 0.458912 0.168210 0.098380
0 0.248843 0.550926 0.173611 0.106481
0 0.244599 0.649306 0.182099 0.115741
0 0.246914 0.758681 0.188272 0.103009
0 0.444444 0.788773 0.172840 0.126157
0 0.442130 0.681134 0.169753 0.100694
1 0.427083 0.576968 0.182870 0.112269
0 0.415895 0.489005 0.177469 0.098380
0 0.414352 0.403935 0.162037 0.108796
0 0.554784 0.239005 0.115741 0.089120
0 0.573688 0.428241 0.152006 0.097222
0 0.595293 0.511574 0.156636 0.097222
0 0.607253 0.601273 0.168210 0.107639
0 0.618827 0.700810 0.169753 0.119213
0 0.634259 0.804398 0.171296 0.127315
0 0.915509 0.476852 0.148920 0.099537
