0 0.712963 0.793981 0.242284 0.243056
0 0.457562 0.805556 0.251543 0.222222
0 0.211420 0.802083 0.220679 0.212963
0 0.659722 0.133102 0.168210 0.106481
0 0.673997 0.251736 0.185957 0.137731
0 0.682870 0.393519 0.188272 0.157407
0 0.700617 0.570602 0.216049 0.194444
0 0.481867 0.146991 0.170525 0.115741
0 0.475309 0.263889 0.191358 0.148148
0 0.472222 0.407407 0.205247 0.171296
0 0.463735 0.581019 0.214506 0.192130
0 0.239198 0.591435 0.212963 0.175926
0 0.268519 0.416667 0.211420 0.157407
0 0.287037 0.279514 0.189815 0.114583
0 0.310185 0.164352 0.172840 0.111111
