0 0.701775 0.826389 0.184414 0.101852
0 0.682099 0.729745 0.171296 0.096065
0 0.660880 0.635417 0.176698 0.094907
0 0.644290 0.550926 0.174383 0.087963
0 0.629630 0.468750 0.155864 0.081019
0 0.469136 0.460648 0.152778 0.076389
0 0.476466 0.535301 0.165895 0.091435
0 0.484568 0.624421 0.172840 0.091435
0 0.501157 0.718171 0.170525 0.093750
0 0.513889 0.815972 0.183642 0.101852
0 0.325231 0.811921 0.178241 0.098380
0 0.315586 0.710069 0.180556 0.100694
0 0.313657 0.620370 0.167438 0.087963
0 0.306327 0.529514 0.166667 0.084491
0 0.301312 0.445023 0.161265 0.089120
