0 0.639660 0.125579 0.160494 0.107639
0 0.653935 0.249421 0.190586 0.123843
0 0.661265 0.390625 0.202160 0.153935
0 0.670139 0.566551 0.221451 0.188657
0 0.682485 0.777778 0.249228 0.224537
0 0.419753 0.776042 0.253086 0.197917
0 0.172840 0.775463 0.250000 0.201389
0 0.209491 0.568287 0.226080 0.145833
0 0.435185 0.571181 0.243827 0.188657
0 0.445216 0.398148 0.216049 0.145833
0 0.235725 0.390625 0.218364 0.140046
0 0.270448 0.257523 0.190586 0.119213
0 0.288194 0.145833 0.176698 0.113426
0 0.465664 0.133681 0.168981 0.107639
0 0.454475 0.251157 0.189815 0.134259
