0 0.637731 0.175347 0.155093 0.093750
0 0.645062 0.272569 0.172840 0.114583
0 0.660494 0.389468 0.192901 0.137731
0 0.686343 0.544560 0.238426 0.163194
0 0.692901 0.753472 0.243827 0.233796
0 0.408565 0.770255 0.255401 0.211806
0 0.464120 0.192130 0.159722 0.106481
0 0.452932 0.294560 0.182099 0.121528
0 0.442130 0.411458 0.209877 0.146991
0 0.423611 0.572338 0.243827 0.174769
0 0.298611 0.215278 0.179012 0.106481
0 0.275463 0.314236 0.180556 0.112269
0 0.239583 0.430556 0.201389 0.129630
0 0.190201 0.591435 0.210648 0.168981
0 0.158565 0.766204 0.256944 0.180556
