0 0.670910 0.158565 0.162809 0.111111
0 0.675540 0.277778 0.181327 0.129630
0 0.689043 0.420139 0.203704 0.155093
0 0.694444 0.600116 0.225309 0.186343
0 0.712963 0.802083 0.242284 0.231481
0 0.493827 0.168981 0.180556 0.118056
0 0.481096 0.284144 0.179784 0.135417
0 0.471836 0.425347 0.198302 0.156250
0 0.459877 0.598958 0.234568 0.181713
0 0.450617 0.808449 0.246914 0.223380
0 0.199460 0.795139 0.238426 0.199074
0 0.239198 0.592593 0.228395 0.152778
0 0.270833 0.435185 0.209877 0.143519
0 0.296682 0.303819 0.185957 0.116898
0 0.322917 0.191551 0.175154 0.112269
