0 0.583333 0.736111 0.246914 0.152778
0 0.583719 0.585069 0.232253 0.137731
0 0.579475 0.445602 0.217593 0.118056
0 0.574460 0.324074 0.212191 0.104167
0 0.571373 0.215856 0.201389 0.082176
0 0.562886 0.119792 0.182870 0.077546
0 0.389660 0.137153 0.175926 0.103009
0 0.381173 0.233796 0.191358 0.108796
0 0.364969 0.331019 0.208333 0.131944
0 0.356096 0.459491 0.212191 0.145833
0 0.347608 0.592593 0.222994 0.150463
0 0.338349 0.747106 0.239969 0.170139
0 0.110725 0.755208 0.219907 0.170139
0 0.135417 0.594907 0.219907 0.157407
0 0.159722 0.464699 0.208333 0.133102
0 0.184028 0.350116 0.198302 0.121528
0 0.199460 0.251736 0.179784 0.109954
0 0.216435 0.161458 0.181327 0.100694
