0 0.307870 0.402778 0.157407 0.076389
0 0.323302 0.473380 0.158951 0.083333
0 0.342593 0.561921 0.174383 0.091435
0 0.360725 0.652199 0.172068 0.091435
0 0.378858 0.755787 0.183642 0.099537
0 0.557870 0.751736 0.174383 0.096065
0 0.533179 0.659722 0.182099 0.090278
0 0.506173 0.566551 0.172840 0.089120
0 0.481096 0.480324 0.164352 0.081019
0 0.460648 0.405093 0.149691 0.071759
0 0.613040 0.409722 0.147377 0.071759
0 0.631944 0.483796 0.151235 0.076389
0 0.658951 0.564236 0.169753 0.086806
0 0.691744 0.653356 0.170525 0.089120
0 0.730324 0.748264 0.189043 0.086806
0 0.912037 0.417824 0.146605 0.069444
