0 0.544367 0.084491 0.164352 0.081019
0 0.545139 0.169560 0.175154 0.086806
0 0.544367 0.277199 0.187500 0.109954
0 0.554398 0.403356 0.209105 0.114583
0 0.546682 0.541667 0.221451 0.141204
0 0.553627 0.696181 0.229167 0.140046
0 0.303241 0.690972 0.228395 0.148148
0 0.091049 0.700231 0.180556 0.164352
0 0.101080 0.538773 0.200617 0.103009
0 0.123843 0.406829 0.198302 0.112269
0 0.149306 0.293981 0.189043 0.101852
0 0.171682 0.192130 0.179784 0.092593
0 0.190972 0.101273 0.167438 0.082176
0 0.366127 0.091435 0.172068 0.083333
0 0.353781 0.188079 0.184414 0.098380
0 0.342593 0.284144 0.188272 0.109954
0 0.329090 0.405093 0.199846 0.106481
0 0.318287 0.538773 0.218364 0.123843
