0 0.608410 0.146412 0.187500 0.123843
0 0.616127 0.274306 0.199846 0.122685
0 0.634645 0.410880 0.213735 0.162037
0 0.645833 0.586806 0.240741 0.178241
0 0.661651 0.820602 0.260031 0.236111
0 0.401620 0.818866 0.252315 0.209491
0 0.408565 0.603588 0.230710 0.202546
0 0.408565 0.429398 0.218364 0.175926
0 0.420910 0.282986 0.184414 0.153935
0 0.425540 0.163194 0.172068 0.118056
0 0.255015 0.188079 0.168981 0.121528
0 0.231867 0.304977 0.182870 0.126157
0 0.209105 0.448495 0.202160 0.163194
0 0.178627 0.616898 0.222994 0.182870
0 0.145062 0.823495 0.234568 0.204861
