1 0.323688 0.692708 0.202932 0.144676
1 0.315586 0.567130 0.200617 0.101852
1 0.509259 0.570023 0.195988 0.103009
1 0.518904 0.681713 0.199846 0.118056
1 0.491898 0.480903 0.192130 0.109954
1 0.462191 0.284144 0.168210 0.084491
0 0.293596 0.277778 0.165895 0.092593
0 0.299769 0.372685 0.179784 0.090278
0 0.301312 0.461806 0.184414 0.094907
0 0.477238 0.372685 0.175154 0.081019
0 0.715278 0.673611 0.194444 0.118056
0 0.696373 0.567708 0.179784 0.096065
0 0.674383 0.471065 0.182099 0.099537
0 0.652392 0.379630 0.170525 0.087963
0 0.635417 0.293981 0.158179 0.083333
0 0.597608 0.094907 0.136574 0.090278
