0 0.381173 0.663194 0.160494 0.104167
0 0.351080 0.570023 0.141975 0.086806
0 0.312114 0.481481 0.150463 0.094907
0 0.286651 0.391204 0.144290 0.099537
0 0.253086 0.300347 0.143519 0.093750
0 0.383488 0.332755 0.146605 0.084491
0 0.427855 0.416667 0.136574 0.085648
0 0.462963 0.497106 0.131173 0.084491
0 0.500386 0.596644 0.150463 0.096065
0 0.542824 0.691551 0.147377 0.114583
0 0.677855 0.706597 0.148920 0.107639
0 0.631944 0.612269 0.140432 0.083333
0 0.589892 0.526620 0.156636 0.090278
0 0.554398 0.438657 0.136574 0.083333
0 0.521605 0.358796 0.146605 0.078704
