1 0.285108 0.341435 0.170525 0.064815
1 0.281636 0.415509 0.175926 0.069444
1 0.271605 0.585069 0.186728 0.098380
1 0.665123 0.563657 0.202160 0.087963
1 0.263503 0.686921 0.182870 0.103009
0 0.276235 0.492477 0.186728 0.077546
0 0.469136 0.333333 0.166667 0.062500
0 0.465664 0.405671 0.170525 0.063657
0 0.471065 0.484954 0.178241 0.076389
0 0.470679 0.571759 0.180556 0.085648
0 0.468750 0.668403 0.193673 0.096065
0 0.677855 0.668981 0.193673 0.083333
0 0.658179 0.478009 0.182099 0.076389
0 0.652778 0.402778 0.172840 0.076389
0 0.644290 0.326389 0.162037 0.055556
