0 0.415123 0.359954 0.157407 0.081019
0 0.429012 0.442130 0.157407 0.087963
0 0.446373 0.530671 0.170525 0.093750
0 0.464120 0.624421 0.178241 0.098380
0 0.482639 0.726273 0.181327 0.105324
0 0.660880 0.728588 0.179784 0.103009
0 0.639660 0.635995 0.172840 0.096065
0 0.616898 0.546875 0.162809 0.098380
0 0.591049 0.452546 0.154321 0.078704
0 0.572145 0.374421 0.152006 0.077546
0 0.722994 0.382523 0.152778 0.079861
0 0.751157 0.462384 0.156636 0.075231
0 0.778935 0.552662 0.162809 0.082176
0 0.813657 0.643519 0.167438 0.099537
0 0.838349 0.744792 0.179784 0.100694
