0 0.300154 0.414931 0.157407 0.084491
0 0.310957 0.491319 0.165123 0.079861
0 0.328318 0.583912 0.178241 0.093750
0 0.347994 0.679398 0.174383 0.094907
0 0.364198 0.783565 0.179012 0.092593
0 0.539738 0.776042 0.175154 0.082176
0 0.520062 0.682870 0.171296 0.094907
0 0.497685 0.589699 0.168210 0.084491
0 0.474151 0.503472 0.155093 0.081019
0 0.454475 0.422454 0.151235 0.081019
0 0.607253 0.429398 0.149691 0.076389
0 0.630787 0.504630 0.161265 0.083333
0 0.659722 0.592593 0.168210 0.090278
0 0.688272 0.682870 0.180556 0.094907
0 0.720293 0.782407 0.178241 0.087963
