0 0.621528 0.075231 0.170525 0.085648
0 0.631944 0.181134 0.186728 0.103009
0 0.640818 0.286458 0.202932 0.130787
0 0.653935 0.417245 0.207562 0.137731
0 0.659336 0.578704 0.247685 0.157407
0 0.682099 0.761574 0.246914 0.175926
0 0.396219 0.771991 0.255401 0.173611
0 0.409336 0.589120 0.230710 0.138889
0 0.245370 0.137153 0.169753 0.103009
0 0.430941 0.103588 0.170525 0.096065
0 0.229167 0.229167 0.169753 0.125000
0 0.205247 0.350694 0.189815 0.101852
0 0.182485 0.462963 0.195216 0.143519
0 0.163194 0.612269 0.219907 0.138889
0 0.137346 0.772569 0.245370 0.170139
0 0.406250 0.441551 0.212191 0.130787
0 0.415509 0.314815 0.192130 0.122685
1 0.420910 0.208912 0.185957 0.109954
