0 0.651235 0.146991 0.169753 0.122685
0 0.666667 0.271991 0.175926 0.141204
0 0.674769 0.415509 0.195216 0.171296
0 0.694059 0.591435 0.230710 0.203704
0 0.710648 0.814236 0.245370 0.241898
0 0.474151 0.167245 0.165895 0.128472
0 0.304784 0.193287 0.166667 0.118056
0 0.284336 0.310185 0.176698 0.143519
0 0.464506 0.293403 0.177469 0.140046
0 0.461034 0.439236 0.202932 0.156250
0 0.258873 0.458333 0.196759 0.150463
0 0.453704 0.618056 0.223765 0.185185
0 0.236883 0.627315 0.209877 0.168981
0 0.441744 0.821759 0.253858 0.210648
0 0.201003 0.822917 0.233796 0.196759
