0 0.643133 0.065972 0.161265 0.090278
0 0.655864 0.159722 0.172840 0.108796
0 0.667052 0.266782 0.176698 0.116898
0 0.679012 0.391782 0.199074 0.133102
0 0.698302 0.516204 0.223765 0.134259
0 0.708333 0.682870 0.214506 0.164352
0 0.459877 0.689815 0.220679 0.162037
0 0.450231 0.548032 0.196759 0.135417
0 0.461420 0.404514 0.205247 0.142361
0 0.460262 0.285880 0.193673 0.122685
0 0.462191 0.179977 0.175926 0.107639
0 0.467207 0.090856 0.167438 0.096065
0 0.290509 0.109954 0.164352 0.099537
0 0.277778 0.207176 0.183642 0.097222
0 0.267361 0.305556 0.187500 0.118056
0 0.253472 0.424190 0.209105 0.135417
0 0.233796 0.572917 0.212963 0.131944
0 0.224151 0.701389 0.209105 0.143519
