0 0.200617 0.111690 0.231481 0.116898
0 0.209877 0.208333 0.239198 0.118056
0 0.214120 0.307292 0.238426 0.123843
0 0.221836 0.414931 0.250772 0.130787
0 0.224923 0.528935 0.256944 0.122685
0 0.228009 0.638310 0.256944 0.133102
0 0.449074 0.145833 0.229938 0.108796
0 0.456019 0.237847 0.231481 0.114583
0 0.469522 0.339699 0.236883 0.112269
0 0.485340 0.440394 0.248457 0.123843
0 0.493827 0.547454 0.248457 0.129630
0 0.505015 0.664352 0.255401 0.129630
0 0.685185 0.173611 0.233025 0.106481
0 0.700617 0.271412 0.234568 0.105324
0 0.719522 0.363426 0.246142 0.113426
0 0.739969 0.472222 0.254630 0.122685
0 0.761574 0.587384 0.263889 0.119213
0 0.782407 0.690394 0.256173 0.114583
