0 0.671296 0.057292 0.172840 0.091435
0 0.680941 0.144676 0.172068 0.094907
0 0.689429 0.258681 0.190586 0.105324
0 0.709877 0.383681 0.206790 0.130787
0 0.721451 0.531829 0.220679 0.156250
0 0.733410 0.703125 0.219907 0.181713
0 0.484954 0.069444 0.179784 0.101852
0 0.480710 0.160301 0.192901 0.100694
0 0.483025 0.274884 0.199074 0.107639
0 0.477623 0.398148 0.216049 0.136574
0 0.476466 0.538773 0.229167 0.151620
0 0.470679 0.708333 0.254630 0.155093
0 0.293210 0.086806 0.168210 0.094907
0 0.281636 0.190972 0.192901 0.099537
0 0.266975 0.295718 0.199074 0.107639
0 0.256559 0.414352 0.206019 0.127315
0 0.238812 0.546296 0.216821 0.131944
0 0.221836 0.716435 0.229167 0.157407
