0 0.797068 0.648148 0.226852 0.099537
0 0.755401 0.553819 0.216049 0.082176
0 0.709105 0.461806 0.217593 0.087963
0 0.663966 0.371528 0.209105 0.085648
0 0.620370 0.293981 0.197531 0.074074
0 0.584105 0.212384 0.186728 0.079861
0 0.584877 0.656250 0.223765 0.099537
0 0.542438 0.553819 0.212963 0.079861
0 0.501929 0.462963 0.209105 0.081019
0 0.462577 0.373264 0.206019 0.084491
0 0.428241 0.293403 0.200617 0.072917
0 0.391590 0.205440 0.193673 0.065972
0 0.182870 0.197338 0.216049 0.075231
0 0.221065 0.279514 0.218364 0.082176
0 0.254244 0.369792 0.218364 0.079861
0 0.293210 0.464120 0.219136 0.083333
0 0.326389 0.556134 0.228395 0.086806
0 0.363812 0.653356 0.227623 0.096065
