0 0.615741 0.085648 0.171296 0.090278
0 0.622685 0.172454 0.177469 0.097222
0 0.625000 0.279514 0.179012 0.109954
0 0.629630 0.406250 0.203704 0.136574
0 0.639275 0.544560 0.229167 0.140046
0 0.644676 0.706019 0.241512 0.155093
0 0.383873 0.709491 0.236883 0.138889
0 0.147377 0.709491 0.220679 0.129630
0 0.393519 0.554977 0.225309 0.135417
0 0.407407 0.417245 0.216049 0.133102
0 0.413966 0.294560 0.196759 0.128472
0 0.422840 0.190972 0.189815 0.104167
0 0.428627 0.094907 0.172068 0.090278
0 0.251157 0.107060 0.172068 0.082176
0 0.231481 0.204282 0.186728 0.100694
0 0.213735 0.307870 0.191358 0.111111
0 0.191358 0.424769 0.212963 0.127315
0 0.167438 0.557292 0.225309 0.137731
