2 0.202160 0.921296 0.290123 0.134259
0 0.148148 0.210648 0.253086 0.092593
0 0.158951 0.307870 0.259259 0.094907
0 0.170139 0.411458 0.269290 0.098380
0 0.180941 0.521412 0.273920 0.103009
0 0.191744 0.634838 0.277006 0.109954
0 0.506173 0.754630 0.273148 0.108796
0 0.412423 0.211806 0.250772 0.085648
0 0.430556 0.309606 0.256173 0.093750
0 0.449460 0.410301 0.269290 0.098380
0 0.469522 0.519097 0.270833 0.098380
0 0.489198 0.632523 0.283951 0.109954
0 0.664352 0.211227 0.251543 0.089120
0 0.687886 0.300347 0.255401 0.084491
0 0.716049 0.405671 0.257716 0.091435
0 0.745370 0.512731 0.273148 0.099537
0 0.775849 0.624421 0.287809 0.096065
0 0.809799 0.741898 0.293981 0.111111
