0 0.636574 0.121528 0.162037 0.111111
0 0.645833 0.237847 0.179012 0.126157
0 0.661265 0.385995 0.197531 0.158565
0 0.670139 0.563079 0.212191 0.177083
0 0.688272 0.787037 0.233025 0.217593
0 0.415123 0.792245 0.243827 0.214120
0 0.183256 0.781829 0.238426 0.181713
0 0.208333 0.584491 0.226852 0.159722
0 0.235725 0.416667 0.207562 0.145833
0 0.265818 0.269097 0.189043 0.128472
0 0.287423 0.151042 0.173611 0.121528
0 0.456019 0.133681 0.172840 0.107639
0 0.452932 0.253472 0.180556 0.138889
0 0.442901 0.401042 0.205247 0.144676
0 0.427083 0.574653 0.221451 0.190972
