0 0.187886 0.228588 0.238426 0.100694
0 0.197531 0.321181 0.239198 0.103009
0 0.203704 0.420718 0.262346 0.112269
0 0.209105 0.525463 0.256173 0.111111
0 0.217978 0.633102 0.263117 0.111111
0 0.223380 0.755208 0.266204 0.109954
0 0.512346 0.763889 0.266975 0.120370
0 0.495370 0.646991 0.263889 0.111111
0 0.482639 0.534722 0.260031 0.118056
0 0.464506 0.433449 0.248457 0.105324
0 0.450617 0.331597 0.246914 0.103009
0 0.441358 0.243056 0.234568 0.092593
0 0.679398 0.251157 0.235340 0.092593
0 0.699460 0.337963 0.244599 0.099537
0 0.722994 0.436921 0.253086 0.105324
0 0.747685 0.544560 0.263889 0.103009
0 0.772377 0.651620 0.266975 0.106481
0 0.800154 0.765625 0.276235 0.112269
