0 0.175154 0.216435 0.257716 0.087963
0 0.188272 0.313657 0.271605 0.092593
0 0.202546 0.418981 0.273920 0.099537
0 0.219907 0.529514 0.291667 0.105324
0 0.234568 0.647569 0.270062 0.112269
0 0.250000 0.772569 0.291667 0.121528
0 0.552083 0.762153 0.280093 0.121528
0 0.529707 0.640046 0.280093 0.104167
0 0.503086 0.527778 0.266975 0.097222
0 0.483796 0.420139 0.270062 0.094907
0 0.460648 0.313079 0.265432 0.086806
0 0.441744 0.215278 0.255401 0.090278
0 0.691358 0.209491 0.240741 0.076389
0 0.721065 0.305556 0.249228 0.087963
0 0.747685 0.405671 0.270062 0.086806
0 0.781250 0.513889 0.270833 0.094907
0 0.815972 0.629051 0.281636 0.103009
0 0.845293 0.757523 0.283179 0.107639
