0 0.391975 0.470486 0.162037 0.068287
0 0.406250 0.553241 0.145833 0.087963
0 0.432099 0.635995 0.140432 0.098380
0 0.459105 0.733218 0.138889 0.109954
0 0.493827 0.822917 0.145062 0.134259
0 0.657793 0.808449 0.147377 0.142361
0 0.624228 0.697338 0.134259 0.103009
0 0.543596 0.449653 0.136574 0.086806
0 0.567130 0.528935 0.134259 0.101852
0 0.593364 0.607639 0.134259 0.101852
0 0.694444 0.427662 0.131173 0.089120
0 0.736111 0.495370 0.154321 0.094907
0 0.762731 0.583912 0.144290 0.116898
0 0.798611 0.668403 0.141975 0.107639
0 0.830247 0.756944 0.145062 0.111111
