1 0.307485 0.553241 0.184414 0.104167
1 0.312114 0.656250 0.185957 0.108796
1 0.513503 0.680556 0.185957 0.115741
1 0.503086 0.568287 0.185185 0.104167
1 0.491512 0.468750 0.175926 0.094907
1 0.465278 0.292245 0.157407 0.084491
0 0.293981 0.276620 0.174383 0.092593
0 0.301312 0.365162 0.172068 0.089120
0 0.302855 0.459491 0.175154 0.087963
0 0.477623 0.377315 0.171296 0.081019
0 0.630015 0.300347 0.156636 0.077546
0 0.600694 0.111111 0.130401 0.081019
0 0.649306 0.385417 0.156636 0.090278
0 0.666281 0.468171 0.176698 0.082176
0 0.688272 0.567130 0.169753 0.094907
0 0.701003 0.674190 0.185957 0.114583
