0 0.424383 0.778356 0.237654 0.209491
2 0.206019 0.847222 0.154321 0.210648
0 0.671682 0.762153 0.230710 0.225694
0 0.673611 0.558449 0.220679 0.184028
0 0.663580 0.387153 0.194444 0.151620
0 0.653935 0.249421 0.168981 0.126157
0 0.650463 0.138310 0.158951 0.114583
0 0.477623 0.159722 0.163580 0.120370
0 0.306327 0.187500 0.160494 0.108796
0 0.464506 0.274884 0.179012 0.128472
0 0.284336 0.287616 0.173611 0.137731
0 0.449846 0.408565 0.183642 0.145833
0 0.257716 0.427083 0.197531 0.150463
0 0.228395 0.579861 0.200617 0.157407
0 0.434414 0.572338 0.217593 0.184028
