0 0.247299 0.644097 0.261574 0.135417
0 0.246528 0.527778 0.258488 0.131944
0 0.239198 0.420718 0.245370 0.128472
0 0.232253 0.316551 0.245370 0.121528
0 0.225694 0.219329 0.233796 0.112269
0 0.223765 0.130208 0.234568 0.116898
0 0.526235 0.666667 0.254630 0.129630
0 0.510802 0.556713 0.245370 0.120370
0 0.495756 0.450810 0.239969 0.116898
0 0.483796 0.354167 0.236111 0.111111
0 0.470293 0.256366 0.226080 0.112269
0 0.459105 0.159722 0.223765 0.113426
0 0.790509 0.692130 0.261574 0.120370
0 0.768519 0.578125 0.259259 0.121528
0 0.746914 0.478588 0.243827 0.116898
0 0.728009 0.379051 0.244599 0.114583
0 0.705247 0.280671 0.223765 0.107639
0 0.685957 0.186921 0.222222 0.103009
