0 0.312886 0.714699 0.178241 0.107639
0 0.307870 0.609954 0.172840 0.097222
0 0.302855 0.513889 0.172068 0.094907
0 0.298225 0.433449 0.165895 0.082176
0 0.293210 0.351273 0.160494 0.082176
0 0.461420 0.362269 0.160494 0.083333
0 0.471836 0.442708 0.165895 0.084491
0 0.482253 0.527199 0.168210 0.093750
0 0.491127 0.620370 0.184414 0.101852
0 0.505787 0.718171 0.178241 0.098380
0 0.689815 0.735532 0.182099 0.103009
0 0.671296 0.631944 0.179012 0.101852
0 0.655478 0.539931 0.178241 0.093750
0 0.636960 0.449074 0.167438 0.083333
0 0.619985 0.367477 0.161265 0.089120
