0 0.263117 0.663194 0.271605 0.118056
0 0.252315 0.551505 0.260802 0.109954
0 0.241898 0.438079 0.261574 0.109954
0 0.228009 0.335069 0.241512 0.107639
0 0.220293 0.236690 0.239969 0.100694
0 0.213349 0.146412 0.229167 0.098380
0 0.458719 0.156829 0.226080 0.100694
0 0.466049 0.252894 0.234568 0.100694
0 0.482639 0.348380 0.238426 0.106481
0 0.506944 0.451968 0.243827 0.107639
0 0.525849 0.558449 0.263117 0.112269
0 0.542052 0.678241 0.260031 0.115741
0 0.815586 0.685764 0.263889 0.121528
0 0.789352 0.566551 0.263889 0.109954
0 0.763117 0.462384 0.257716 0.107639
0 0.739198 0.362847 0.253086 0.096065
0 0.716821 0.268519 0.250000 0.097222
0 0.690972 0.170139 0.239969 0.094907
