0 0.202932 0.108218 0.260802 0.109954
0 0.209491 0.207176 0.260031 0.108796
0 0.221451 0.315394 0.271605 0.114583
0 0.232253 0.421875 0.285494 0.116898
0 0.244213 0.537037 0.292438 0.122685
0 0.248843 0.666088 0.293981 0.130787
0 0.456404 0.119792 0.244599 0.105324
0 0.471836 0.213542 0.252315 0.114583
0 0.488040 0.320023 0.252315 0.116898
0 0.512731 0.429977 0.267747 0.116898
0 0.527006 0.541667 0.277778 0.120370
0 0.543596 0.663773 0.280093 0.128472
0 0.705633 0.129630 0.247685 0.101852
0 0.726852 0.230324 0.259259 0.104167
0 0.755401 0.328704 0.273148 0.111111
0 0.777392 0.432292 0.264660 0.116898
0 0.806713 0.544560 0.280093 0.121528
0 0.829475 0.668981 0.290123 0.129630
