1 0.402392 0.697917 0.172068 0.113426
1 0.382330 0.592014 0.179784 0.098380
1 0.331790 0.405093 0.157407 0.083333
0 0.313272 0.322917 0.146605 0.083333
0 0.359182 0.497685 0.158179 0.085648
0 0.581404 0.684606 0.172068 0.100694
0 0.552083 0.590856 0.167438 0.082176
0 0.516975 0.490741 0.166667 0.085648
0 0.490741 0.410880 0.157407 0.074074
0 0.465278 0.331597 0.151235 0.077546
0 0.611497 0.334491 0.155093 0.071759
0 0.648148 0.414931 0.154321 0.068287
0 0.675154 0.496528 0.163580 0.083333
0 0.710648 0.584491 0.160494 0.083333
0 0.750000 0.677083 0.179012 0.081019
0 0.926698 0.334491 0.146605 0.081019
