1 0.344136 0.712384 0.197531 0.149306
1 0.339892 0.590278 0.198302 0.113426
1 0.511188 0.500579 0.181327 0.093750
1 0.540509 0.698495 0.190586 0.121528
1 0.532407 0.592593 0.183642 0.108796
1 0.482253 0.315972 0.171296 0.083333
0 0.327932 0.490741 0.186728 0.099537
0 0.322917 0.397569 0.173611 0.089120
0 0.315201 0.311343 0.170525 0.085648
0 0.496914 0.398727 0.171296 0.086806
0 0.731867 0.688079 0.195216 0.103009
0 0.718750 0.589120 0.182870 0.099537
0 0.692130 0.491319 0.188272 0.100694
0 0.672454 0.403935 0.175154 0.085648
0 0.652006 0.321181 0.165123 0.086806
0 0.617284 0.134838 0.123457 0.075231
