0 0.638117 0.136574 0.151235 0.108796
0 0.649306 0.250579 0.168981 0.121528
0 0.663966 0.376157 0.190586 0.152778
0 0.687500 0.531250 0.214506 0.180556
0 0.469522 0.159722 0.167438 0.106481
0 0.296682 0.182292 0.159722 0.103009
0 0.275077 0.285880 0.170525 0.120370
0 0.460262 0.267361 0.190586 0.125000
0 0.457562 0.391204 0.189815 0.131944
0 0.254244 0.413773 0.184414 0.140046
0 0.232253 0.563657 0.212963 0.164352
0 0.444444 0.553819 0.219136 0.186343
0 0.604938 0.812500 0.242284 0.226852
2 0.296296 0.843171 0.351852 0.214120
2 0.794367 0.840856 0.107253 0.218750
