1 0.768133 0.557292 0.189043 0.103009
1 0.554398 0.158565 0.127315 0.094907
0 0.782407 0.659722 0.175926 0.113426
0 0.747685 0.458912 0.174383 0.103009
0 0.729167 0.362269 0.172840 0.097222
0 0.711806 0.277199 0.167438 0.091435
0 0.545525 0.268519 0.158951 0.081019
0 0.554784 0.343750 0.168210 0.085648
0 0.568287 0.438079 0.179784 0.109954
0 0.583333 0.541088 0.180556 0.112269
0 0.592978 0.657407 0.187500 0.127315
0 0.392747 0.648727 0.195988 0.116898
0 0.395062 0.528356 0.182099 0.107639
0 0.386960 0.427083 0.176698 0.106481
0 0.383102 0.335069 0.176698 0.098380
0 0.378858 0.249421 0.171296 0.100694
