1 0.479167 0.269676 0.271605 0.094907
0 0.188657 0.144676 0.256944 0.101852
0 0.198302 0.243634 0.268519 0.116898
0 0.209491 0.351273 0.270833 0.112269
0 0.222222 0.468750 0.285494 0.115741
0 0.230710 0.589120 0.293210 0.108796
0 0.242284 0.716435 0.293210 0.115741
0 0.552083 0.724537 0.290895 0.125000
0 0.538580 0.596065 0.287037 0.118056
0 0.519676 0.480903 0.283179 0.114583
0 0.497299 0.369792 0.281636 0.114583
0 0.458719 0.155093 0.256944 0.101852
0 0.854938 0.724537 0.290123 0.101852
0 0.841435 0.602431 0.297068 0.119213
0 0.807870 0.485532 0.287037 0.114583
0 0.778164 0.372685 0.270833 0.106481
0 0.750772 0.262731 0.270062 0.106481
0 0.731867 0.174190 0.261574 0.098380
