0 0.587191 0.149884 0.168210 0.086806
0 0.590278 0.241319 0.182099 0.091435
0 0.594907 0.345486 0.189815 0.103009
0 0.606096 0.463542 0.213735 0.128472
0 0.608796 0.601852 0.212963 0.138889
0 0.623071 0.759838 0.246142 0.149306
0 0.413194 0.170718 0.168981 0.079861
0 0.404707 0.252315 0.172068 0.094907
0 0.398920 0.358796 0.183642 0.111111
0 0.388503 0.470486 0.207562 0.126157
0 0.377315 0.608796 0.219136 0.134259
0 0.356867 0.760995 0.227623 0.156250
0 0.243441 0.189236 0.165895 0.084491
0 0.224923 0.274306 0.173611 0.101852
0 0.204475 0.369792 0.186728 0.103009
0 0.182485 0.489583 0.195216 0.113426
0 0.154321 0.618056 0.223765 0.122685
0 0.123071 0.760995 0.232253 0.133102
