0 0.150849 0.149306 0.250772 0.118056
0 0.157793 0.254051 0.244599 0.114583
0 0.167824 0.359954 0.249228 0.115741
0 0.177855 0.472222 0.266204 0.127315
0 0.194059 0.589120 0.273920 0.118056
0 0.203318 0.713542 0.283179 0.133102
0 0.494213 0.730903 0.264660 0.126157
0 0.477623 0.614583 0.266975 0.131944
0 0.458333 0.500000 0.260802 0.122685
0 0.438657 0.387153 0.258488 0.123843
0 0.422068 0.282407 0.250000 0.113426
0 0.405093 0.188079 0.237654 0.105324
0 0.655864 0.213542 0.242284 0.107639
0 0.673611 0.304977 0.239198 0.103009
0 0.698302 0.412037 0.248457 0.106481
0 0.728781 0.523148 0.255401 0.113426
0 0.755787 0.637153 0.260031 0.121528
0 0.788580 0.764468 0.280864 0.135417
