0 0.288580 0.221065 0.162037 0.097222
0 0.263889 0.320023 0.172840 0.105324
0 0.221065 0.441551 0.202932 0.130787
0 0.189043 0.594907 0.229938 0.157407
0 0.143519 0.791667 0.251543 0.210648
0 0.452932 0.206597 0.166667 0.093750
0 0.444830 0.293403 0.185957 0.112269
0 0.431327 0.423611 0.206790 0.150463
0 0.417052 0.586227 0.238426 0.177083
0 0.400849 0.790509 0.264660 0.222222
0 0.626157 0.182292 0.152006 0.098380
0 0.642747 0.280093 0.171296 0.122685
0 0.653549 0.407986 0.189815 0.144676
0 0.672454 0.566551 0.218364 0.186343
0 0.690586 0.781829 0.256173 0.251157
