0 0.635802 0.110532 0.188272 0.100694
0 0.644290 0.229167 0.175926 0.134259
0 0.666667 0.376157 0.214506 0.138889
0 0.675154 0.556134 0.208333 0.200231
0 0.700231 0.765046 0.269290 0.206019
0 0.457176 0.134259 0.167438 0.122685
0 0.453704 0.254630 0.180556 0.115741
0 0.442515 0.396991 0.210648 0.168981
0 0.443673 0.569444 0.219136 0.178241
0 0.434028 0.778356 0.238426 0.239583
0 0.282407 0.157407 0.171296 0.122685
0 0.261574 0.272569 0.182099 0.142361
0 0.236497 0.415509 0.204475 0.168981
0 0.213735 0.589699 0.233025 0.184028
0 0.195216 0.773148 0.245370 0.210648
