0 0.653164 0.084491 0.187500 0.087963
0 0.661651 0.184028 0.178241 0.094907
0 0.675926 0.293981 0.214506 0.108796
0 0.689429 0.418981 0.230710 0.131944
0 0.698688 0.574074 0.226080 0.152778
0 0.707948 0.739583 0.249228 0.164352
0 0.458719 0.112269 0.178241 0.085648
0 0.453704 0.201389 0.182099 0.108796
0 0.452932 0.306713 0.200617 0.115741
0 0.447917 0.434028 0.222994 0.129630
0 0.438657 0.585069 0.233796 0.146991
0 0.435957 0.755787 0.251543 0.157407
0 0.278935 0.130208 0.173611 0.096065
0 0.257330 0.221644 0.184414 0.100694
0 0.244213 0.325810 0.201389 0.114583
0 0.218750 0.453125 0.209105 0.126157
0 0.198302 0.590856 0.233025 0.142361
0 0.169367 0.748843 0.236883 0.159722
