0 0.295139 0.691551 0.260031 0.123843
0 0.289352 0.583333 0.254630 0.108796
0 0.280478 0.477431 0.246142 0.119213
0 0.270448 0.371528 0.246142 0.118056
0 0.261574 0.282407 0.239198 0.108796
0 0.254244 0.184606 0.226080 0.096065
0 0.560185 0.722222 0.246914 0.120370
0 0.541281 0.593750 0.252315 0.111111
0 0.530093 0.500579 0.236111 0.103009
0 0.499614 0.303819 0.226080 0.103009
0 0.513889 0.398148 0.234568 0.111111
0 0.486497 0.215278 0.229167 0.101852
0 0.820216 0.738426 0.243827 0.111111
0 0.794753 0.629051 0.239198 0.112269
0 0.773148 0.524884 0.225309 0.103009
0 0.748843 0.419560 0.226080 0.105324
0 0.730710 0.329861 0.211420 0.090278
0 0.714892 0.240741 0.210648 0.106481
