0 0.158565 0.126157 0.243056 0.099537
0 0.168596 0.221644 0.255401 0.105324
0 0.172068 0.319444 0.259259 0.104167
0 0.182870 0.426505 0.265432 0.112269
0 0.188657 0.539931 0.277006 0.112269
0 0.192901 0.654514 0.279321 0.114583
0 0.485340 0.660301 0.266975 0.121528
0 0.467978 0.549190 0.261574 0.103009
0 0.454861 0.439815 0.250772 0.104167
0 0.438272 0.333912 0.246914 0.107639
0 0.421682 0.232639 0.239969 0.101852
0 0.408951 0.136574 0.242284 0.099537
0 0.653164 0.142361 0.236883 0.097222
0 0.672454 0.240162 0.253858 0.103009
0 0.695216 0.336227 0.263889 0.107639
0 0.719136 0.440972 0.266975 0.106481
0 0.747299 0.550926 0.277006 0.111111
0 0.769290 0.664352 0.287037 0.118056
