0 0.637731 0.123843 0.167438 0.118056
0 0.650849 0.239005 0.182870 0.144676
0 0.655864 0.383102 0.208333 0.159722
0 0.671296 0.562500 0.226852 0.203704
0 0.686343 0.773727 0.256944 0.239583
0 0.461420 0.149306 0.171296 0.115741
0 0.456019 0.266782 0.189815 0.140046
0 0.296682 0.174769 0.172068 0.118056
0 0.277778 0.291088 0.188272 0.142361
0 0.243056 0.429977 0.199074 0.153935
0 0.209491 0.589120 0.213735 0.185185
0 0.174769 0.787037 0.243056 0.206019
0 0.418210 0.787616 0.254630 0.225694
0 0.429784 0.578125 0.223765 0.204861
0 0.443673 0.406250 0.211420 0.168981
