0 0.740741 0.722222 0.194444 0.108796
1 0.723765 0.616898 0.195988 0.094907
1 0.481096 0.242477 0.125772 0.079861
0 0.692515 0.509838 0.182870 0.091435
0 0.670910 0.423032 0.175154 0.084491
0 0.648534 0.342593 0.173611 0.081019
0 0.487269 0.333912 0.164352 0.079861
0 0.498071 0.418403 0.170525 0.089120
0 0.514275 0.506366 0.182870 0.091435
0 0.529707 0.604167 0.187500 0.101852
0 0.546296 0.711806 0.195988 0.106481
0 0.349537 0.710069 0.194444 0.109954
0 0.346065 0.606481 0.185957 0.099537
0 0.337963 0.510417 0.179012 0.094907
0 0.326775 0.414931 0.176698 0.086806
0 0.318287 0.333333 0.162809 0.083333
