0 0.724923 0.725694 0.249228 0.138889
0 0.707948 0.565972 0.215278 0.157407
0 0.662809 0.090278 0.169753 0.090278
0 0.670139 0.184028 0.176698 0.106481
0 0.678627 0.289931 0.184414 0.126157
0 0.701003 0.412616 0.224537 0.100694
0 0.472994 0.116898 0.166667 0.104167
0 0.476466 0.207176 0.181327 0.108796
0 0.467593 0.316551 0.195988 0.126157
0 0.468364 0.438079 0.211420 0.128472
0 0.461420 0.579861 0.214506 0.145833
0 0.457948 0.737847 0.230710 0.165509
0 0.221065 0.751736 0.226080 0.163194
0 0.238812 0.587384 0.204475 0.146991
0 0.256944 0.458333 0.206790 0.136574
0 0.271605 0.339120 0.189815 0.125000
0 0.284722 0.238426 0.185185 0.111111
0 0.300926 0.142940 0.172840 0.105324
