0 0.290509 0.658565 0.187500 0.115741
0 0.284336 0.543981 0.182870 0.101852
0 0.278935 0.446759 0.165895 0.097222
0 0.271605 0.351273 0.169753 0.091435
0 0.266975 0.263310 0.160494 0.086806
0 0.439043 0.283565 0.151235 0.083333
0 0.451003 0.365162 0.159722 0.089120
0 0.465664 0.454861 0.167438 0.087963
0 0.474923 0.557292 0.181327 0.103009
0 0.660494 0.574074 0.171296 0.101852
0 0.682485 0.679977 0.181327 0.105324
0 0.639660 0.473380 0.168210 0.104167
0 0.620370 0.381944 0.171296 0.101852
0 0.601466 0.300926 0.158179 0.071759
1 0.435185 0.171875 0.138889 0.093750
1 0.487654 0.675347 0.186728 0.123843
