0 0.317515 0.609375 0.185957 0.093750
0 0.300540 0.513310 0.179784 0.084491
0 0.285494 0.422454 0.174383 0.085648
0 0.267361 0.336806 0.168981 0.078704
0 0.249228 0.259259 0.157407 0.074074
0 0.410880 0.253472 0.153549 0.076389
0 0.428241 0.336227 0.166667 0.075231
0 0.452160 0.420718 0.171296 0.077546
0 0.476852 0.509838 0.183642 0.086806
0 0.493441 0.603009 0.182870 0.092593
0 0.670910 0.599537 0.179784 0.090278
0 0.640432 0.505208 0.171296 0.084491
0 0.606481 0.416088 0.172840 0.077546
0 0.586806 0.339120 0.164352 0.069444
0 0.559028 0.256366 0.153549 0.075231
0 0.875772 0.263310 0.145062 0.070602
0 0.903164 0.336806 0.162809 0.060185
0 0.931713 0.414931 0.136574 0.072917
