0 0.629244 0.177662 0.161265 0.091435
0 0.638117 0.283565 0.183642 0.115741
0 0.651235 0.422454 0.192901 0.131944
0 0.656636 0.588542 0.212963 0.179398
0 0.662037 0.793981 0.233025 0.212963
0 0.415123 0.787037 0.246914 0.192130
0 0.426312 0.596644 0.218364 0.165509
0 0.436343 0.430556 0.193673 0.136574
0 0.451003 0.297454 0.181327 0.118056
0 0.454861 0.185764 0.161265 0.100694
0 0.292052 0.192708 0.165895 0.105324
0 0.271219 0.302662 0.182870 0.116898
0 0.239969 0.439236 0.197531 0.140046
0 0.204861 0.599537 0.222994 0.150463
0 0.166667 0.785880 0.246914 0.182870
