0 0.385031 0.664931 0.174383 0.100694
0 0.379244 0.562500 0.187500 0.106481
0 0.378472 0.467014 0.179784 0.093750
0 0.367284 0.377315 0.177469 0.090278
0 0.364969 0.298611 0.160494 0.090278
0 0.533565 0.308449 0.162809 0.089120
0 0.541281 0.390046 0.159722 0.087963
0 0.550540 0.475694 0.172068 0.097222
0 0.564043 0.581019 0.171296 0.108796
0 0.581790 0.689236 0.174383 0.098380
0 0.767747 0.696759 0.179012 0.113426
0 0.742670 0.591435 0.182870 0.094907
0 0.728781 0.492477 0.164352 0.098380
0 0.712963 0.407407 0.158951 0.083333
0 0.693673 0.324074 0.162037 0.078704
