0 0.691358 0.799769 0.189815 0.108796
0 0.677083 0.698495 0.178241 0.103009
0 0.655478 0.601273 0.176698 0.096065
0 0.639275 0.512153 0.170525 0.093750
0 0.625386 0.431713 0.159722 0.083333
0 0.460262 0.423032 0.162809 0.091435
0 0.470679 0.505787 0.166667 0.090278
0 0.482639 0.593171 0.176698 0.103009
0 0.495370 0.690394 0.186728 0.096065
0 0.504630 0.792824 0.189815 0.108796
0 0.312886 0.789352 0.187500 0.113426
0 0.305556 0.680556 0.195988 0.101852
0 0.304784 0.583333 0.182099 0.099537
0 0.299383 0.495949 0.174383 0.093750
0 0.287423 0.409722 0.164352 0.083333
