0 0.393133 0.671296 0.170525 0.090278
1 0.377701 0.572917 0.167438 0.101852
0 0.361497 0.473958 0.144290 0.089120
0 0.341821 0.376157 0.149691 0.076389
0 0.325617 0.297454 0.138889 0.060185
0 0.479167 0.324074 0.154321 0.078704
0 0.501157 0.407986 0.155093 0.091435
0 0.515046 0.493056 0.165895 0.097222
0 0.543210 0.586806 0.169753 0.097222
0 0.559414 0.685185 0.166667 0.097222
0 0.736883 0.698495 0.162037 0.091435
0 0.698302 0.601852 0.157407 0.076389
0 0.680170 0.517361 0.153549 0.076389
0 0.654707 0.431134 0.155093 0.068287
0 0.626543 0.350694 0.146605 0.076389
0 0.931713 0.387153 0.136574 0.065972
