0 0.648148 0.133681 0.166667 0.107639
0 0.664352 0.258102 0.192901 0.125000
0 0.675926 0.401620 0.205247 0.150463
0 0.694444 0.575231 0.231481 0.199074
0 0.709105 0.789931 0.250000 0.218750
0 0.470679 0.159144 0.168210 0.123843
0 0.465278 0.275463 0.186728 0.127315
0 0.458333 0.421875 0.203704 0.153935
0 0.445988 0.597801 0.226852 0.188657
0 0.443673 0.804398 0.245370 0.185185
0 0.182099 0.807292 0.260802 0.207176
0 0.213735 0.603588 0.229938 0.181713
0 0.245756 0.436921 0.212191 0.153935
0 0.271991 0.297454 0.196759 0.134259
0 0.298997 0.185185 0.175154 0.120370
