0 0.162423 0.079282 0.266204 0.114583
0 0.169753 0.183449 0.266975 0.114583
0 0.177469 0.293403 0.277778 0.126157
0 0.180170 0.404514 0.281636 0.128472
0 0.191744 0.525463 0.286265 0.136574
0 0.190586 0.659722 0.296296 0.136574
0 0.522377 0.687500 0.293210 0.145833
0 0.494213 0.552662 0.283179 0.128472
0 0.476466 0.438079 0.273920 0.121528
0 0.461420 0.310185 0.266975 0.134259
0 0.444830 0.203704 0.267747 0.118056
0 0.434414 0.100694 0.251543 0.113426
0 0.698302 0.124421 0.266975 0.107639
0 0.718364 0.225116 0.262346 0.112269
0 0.741127 0.337384 0.275463 0.126157
0 0.768904 0.450231 0.284722 0.131944
0 0.793596 0.572917 0.290895 0.131944
0 0.814429 0.695023 0.284722 0.140046
