0 0.664352 0.090278 0.168210 0.106481
0 0.676698 0.176505 0.177469 0.109954
0 0.689429 0.281829 0.181327 0.123843
0 0.706404 0.407986 0.195216 0.140046
0 0.720293 0.550347 0.201389 0.160880
0 0.747299 0.707755 0.239969 0.172454
0 0.482253 0.732639 0.233025 0.138889
0 0.484568 0.575231 0.220679 0.159722
0 0.481096 0.435764 0.201389 0.140046
0 0.481096 0.311921 0.189043 0.133102
0 0.479552 0.204861 0.182870 0.118056
0 0.481096 0.113426 0.170525 0.111111
0 0.307870 0.140046 0.158951 0.106481
0 0.296296 0.236690 0.166667 0.112269
0 0.279707 0.344329 0.176698 0.119213
0 0.268904 0.464120 0.196759 0.136574
0 0.254244 0.598958 0.206019 0.149306
0 0.240741 0.755208 0.225309 0.153935
