0 0.661651 0.788773 0.232253 0.225694
0 0.650849 0.578125 0.219907 0.193287
0 0.650849 0.397569 0.209105 0.158565
0 0.632716 0.254051 0.185185 0.135417
0 0.624228 0.134259 0.162037 0.111111
0 0.447531 0.149884 0.163580 0.116898
0 0.440586 0.275463 0.179012 0.134259
0 0.434799 0.414931 0.201389 0.153935
0 0.418596 0.590278 0.222994 0.185185
0 0.412037 0.792824 0.236111 0.210648
0 0.167438 0.796296 0.237654 0.175926
0 0.198302 0.601852 0.222222 0.166667
0 0.232253 0.429398 0.191358 0.159722
0 0.260417 0.293981 0.176698 0.129630
0 0.277778 0.171875 0.168210 0.112269
