0 0.128472 0.409144 0.155093 0.093750
0 0.150077 0.497685 0.164352 0.101852
0 0.162037 0.585648 0.177469 0.104167
0 0.179012 0.686921 0.174383 0.105324
0 0.193673 0.802662 0.182099 0.100694
0 0.371528 0.814236 0.167438 0.116898
0 0.547068 0.829282 0.166667 0.098380
0 0.515046 0.727431 0.159722 0.091435
0 0.356481 0.714699 0.163580 0.096065
0 0.325617 0.614005 0.162037 0.098380
0 0.487654 0.628472 0.155864 0.090278
0 0.467593 0.549190 0.160494 0.079861
0 0.305941 0.519676 0.168981 0.083333
0 0.290123 0.439815 0.163580 0.083333
0 0.441358 0.466435 0.149691 0.078704
0 0.755787 0.523148 0.141204 0.074074
0 0.787809 0.601273 0.131173 0.084491
0 0.823302 0.688657 0.145062 0.092593
0 0.858796 0.787037 0.145062 0.097222
0 0.898534 0.881944 0.144290 0.090278
0 0.884259 0.552083 0.123457 0.071759
0 0.918981 0.626736 0.140432 0.086806
