0 0.251157 0.785880 0.185957 0.106481
0 0.245756 0.683449 0.176698 0.098380
0 0.239198 0.588542 0.171296 0.093750
0 0.241127 0.505208 0.167438 0.086806
0 0.233410 0.418403 0.155093 0.082176
0 0.400077 0.431134 0.153549 0.075231
0 0.410494 0.506366 0.163580 0.086806
0 0.421296 0.598380 0.166667 0.083333
0 0.429784 0.690394 0.174383 0.103009
0 0.444059 0.787616 0.178241 0.098380
0 0.630015 0.802083 0.182870 0.101852
0 0.612654 0.699074 0.177469 0.099537
0 0.593364 0.605324 0.169753 0.087963
0 0.578704 0.519097 0.163580 0.091435
0 0.560185 0.440394 0.155864 0.082176
