0 0.170139 0.175347 0.255401 0.100694
0 0.182099 0.272569 0.262346 0.103009
0 0.186343 0.384838 0.270833 0.109954
0 0.209877 0.493634 0.282407 0.114583
0 0.222222 0.615162 0.282407 0.116898
0 0.233410 0.744792 0.295525 0.130787
0 0.435571 0.182292 0.243056 0.098380
0 0.457562 0.287037 0.259259 0.104167
0 0.476466 0.391204 0.261574 0.106481
0 0.495756 0.504051 0.281636 0.114583
0 0.514660 0.621528 0.285494 0.120370
0 0.530864 0.739005 0.279321 0.123843
0 0.689429 0.193866 0.246142 0.103009
0 0.721451 0.294560 0.265432 0.096065
0 0.743056 0.398148 0.273148 0.104167
0 0.771219 0.512153 0.287809 0.114583
0 0.803241 0.627315 0.294753 0.122685
0 0.827932 0.752315 0.294753 0.122685
