0 0.304784 0.467593 0.146605 0.081019
0 0.324846 0.544560 0.160494 0.086806
0 0.345293 0.628472 0.167438 0.092593
0 0.364583 0.723958 0.176698 0.096065
0 0.382716 0.817708 0.180556 0.096065
0 0.555941 0.817708 0.165895 0.098380
0 0.533951 0.721644 0.169753 0.091435
0 0.505787 0.637731 0.167438 0.092593
0 0.480324 0.549769 0.162809 0.078704
0 0.456019 0.477431 0.149691 0.077546
0 0.602623 0.480903 0.158951 0.082176
0 0.633488 0.556134 0.158951 0.079861
0 0.662037 0.638889 0.157407 0.083333
0 0.693673 0.730324 0.165123 0.076389
0 0.729552 0.824074 0.165895 0.083333
