0 0.362654 0.773727 0.185185 0.107639
0 0.345293 0.670139 0.167438 0.076389
0 0.326775 0.581019 0.168981 0.087963
0 0.310957 0.490162 0.149691 0.086806
0 0.290509 0.405093 0.155093 0.081019
0 0.453318 0.418981 0.147377 0.071759
0 0.472222 0.498843 0.165123 0.083333
0 0.492284 0.578704 0.174383 0.092593
0 0.521219 0.674769 0.173611 0.083333
0 0.549383 0.771991 0.169753 0.099537
0 0.712577 0.776620 0.172068 0.092593
0 0.685185 0.675347 0.169753 0.086806
0 0.652006 0.591435 0.162037 0.083333
0 0.625772 0.508102 0.158951 0.081019
0 0.601852 0.427083 0.155864 0.081019
