0 0.617284 0.798032 0.182099 0.103009
0 0.438272 0.795139 0.194444 0.108796
0 0.252315 0.786458 0.194444 0.119213
0 0.240741 0.678819 0.182099 0.098380
0 0.223765 0.589120 0.172840 0.092593
0 0.213735 0.497106 0.174383 0.091435
0 0.199460 0.417245 0.167438 0.084491
0 0.357639 0.424190 0.159722 0.086806
0 0.374614 0.502315 0.165895 0.085648
0 0.400849 0.593171 0.172068 0.089120
0 0.419753 0.688079 0.188272 0.100694
0 0.591821 0.691551 0.177469 0.096065
0 0.560957 0.607060 0.168210 0.100694
0 0.538194 0.523148 0.165895 0.092593
0 0.513889 0.440972 0.157407 0.087963
