0 0.173997 0.126157 0.250772 0.111111
0 0.181327 0.233796 0.257716 0.115741
0 0.192130 0.342593 0.268519 0.111111
0 0.196373 0.453704 0.280093 0.125000
0 0.211806 0.572917 0.280093 0.127315
0 0.211420 0.696181 0.282407 0.133102
0 0.517747 0.713542 0.285494 0.135417
0 0.498843 0.583912 0.275463 0.130787
0 0.485340 0.479745 0.276235 0.123843
0 0.471451 0.363426 0.265432 0.120370
0 0.452160 0.259259 0.251543 0.108796
0 0.436728 0.152778 0.251543 0.113426
0 0.690972 0.174190 0.249228 0.107639
0 0.714120 0.274306 0.255401 0.108796
0 0.739198 0.380787 0.270062 0.115741
0 0.762346 0.490162 0.271605 0.121528
0 0.789738 0.609375 0.283179 0.121528
0 0.810185 0.732060 0.287037 0.135417
