2 0.328318 0.873843 0.391204 0.229167
0 0.663194 0.760995 0.239969 0.204861
0 0.667052 0.560185 0.210648 0.166667
0 0.652006 0.396991 0.185185 0.152778
0 0.644290 0.266204 0.165123 0.125000
0 0.642361 0.155093 0.155093 0.115741
0 0.469907 0.168981 0.158951 0.106481
0 0.459105 0.282986 0.177469 0.126157
0 0.446759 0.421296 0.202160 0.152778
0 0.432870 0.580440 0.217593 0.195602
0 0.305170 0.196181 0.162809 0.123843
0 0.282407 0.307870 0.168210 0.120370
0 0.252701 0.434606 0.193673 0.140046
0 0.223765 0.585648 0.203704 0.168981
