2 0.361497 0.798032 0.170525 0.119213
0 0.556713 0.708333 0.172068 0.120370
0 0.726080 0.702546 0.166667 0.099537
0 0.687114 0.604167 0.165895 0.087963
0 0.664352 0.510417 0.151235 0.085648
0 0.634645 0.435185 0.150463 0.074074
0 0.606096 0.354745 0.147377 0.072917
0 0.918596 0.361690 0.138117 0.065972
0 0.461420 0.356481 0.137346 0.064815
0 0.479938 0.424190 0.160494 0.072917
0 0.504630 0.509259 0.163580 0.092593
0 0.525849 0.597222 0.173611 0.092593
0 0.362654 0.600694 0.168210 0.094907
0 0.335648 0.503472 0.166667 0.085648
0 0.319059 0.420139 0.152006 0.069444
0 0.300540 0.340278 0.159722 0.076389
