0 0.368827 0.676505 0.177469 0.105324
0 0.364583 0.574653 0.181327 0.103009
0 0.362269 0.476273 0.172068 0.091435
0 0.354938 0.383681 0.168210 0.086806
0 0.350694 0.303241 0.156636 0.085648
0 0.516975 0.312500 0.157407 0.078704
0 0.527392 0.395255 0.168981 0.089120
0 0.537037 0.486111 0.168210 0.092593
0 0.550926 0.580440 0.183642 0.109954
0 0.565201 0.684028 0.190586 0.106481
0 0.752701 0.693866 0.182870 0.105324
0 0.733025 0.592014 0.183642 0.098380
0 0.714120 0.493056 0.168981 0.092593
0 0.695602 0.404514 0.172068 0.082176
0 0.679784 0.319444 0.160494 0.085648
