0 0.616898 0.138310 0.170525 0.096065
0 0.626157 0.228588 0.185957 0.098380
0 0.630787 0.328125 0.185957 0.116898
0 0.637731 0.445602 0.207562 0.136574
0 0.651235 0.585648 0.231481 0.157407
0 0.656250 0.745370 0.236883 0.150463
0 0.440586 0.157986 0.171296 0.093750
0 0.435185 0.241898 0.177469 0.108796
0 0.425926 0.336806 0.195988 0.113426
0 0.417824 0.457176 0.207562 0.120370
0 0.409722 0.597801 0.214506 0.140046
0 0.401235 0.752894 0.242284 0.151620
0 0.267747 0.177083 0.162037 0.087963
0 0.251929 0.260995 0.170525 0.100694
0 0.238040 0.359954 0.190586 0.106481
0 0.211034 0.476852 0.185957 0.113426
0 0.184028 0.609954 0.202932 0.120370
0 0.153935 0.751736 0.216821 0.133102
