0 0.244599 0.340856 0.155864 0.086806
0 0.255787 0.421296 0.164352 0.085648
0 0.270062 0.510995 0.175926 0.089120
0 0.289352 0.603588 0.191358 0.096065
0 0.304012 0.701389 0.182099 0.097222
0 0.486883 0.705440 0.180556 0.096065
0 0.465278 0.603009 0.168210 0.090278
0 0.439429 0.517940 0.170525 0.075231
0 0.423611 0.427083 0.158951 0.081019
0 0.402006 0.347222 0.157407 0.081019
0 0.552855 0.357639 0.155093 0.078704
0 0.579861 0.431713 0.164352 0.078704
0 0.603781 0.515046 0.170525 0.085648
0 0.631173 0.607639 0.179012 0.090278
0 0.658951 0.704282 0.180556 0.089120
