0 0.254244 0.854745 0.266204 0.107639
0 0.238040 0.740162 0.260031 0.091435
0 0.230324 0.634838 0.266204 0.100694
0 0.212191 0.533565 0.251543 0.087963
0 0.199846 0.436921 0.246914 0.096065
0 0.187886 0.346065 0.236883 0.087963
0 0.530478 0.848380 0.273920 0.106481
0 0.508488 0.741898 0.268519 0.099537
0 0.493056 0.637153 0.256173 0.098380
0 0.471065 0.538194 0.252315 0.092593
0 0.449846 0.439815 0.240741 0.097222
0 0.431327 0.353009 0.234568 0.092593
0 0.662809 0.357639 0.233025 0.081019
0 0.688657 0.439236 0.246142 0.089120
0 0.714506 0.528935 0.237654 0.092593
0 0.742284 0.631944 0.265432 0.106481
0 0.771219 0.733796 0.264660 0.097222
0 0.804012 0.846644 0.270062 0.112269
