0 0.290895 0.321181 0.154321 0.082176
0 0.307099 0.402199 0.143519 0.084491
0 0.321759 0.490741 0.166667 0.092593
0 0.337963 0.586227 0.169753 0.091435
0 0.361497 0.696759 0.178241 0.111111
0 0.543210 0.699653 0.174383 0.105324
0 0.519290 0.596644 0.166667 0.093750
0 0.495370 0.505787 0.168210 0.083333
0 0.470293 0.416088 0.164352 0.084491
0 0.447917 0.329282 0.153549 0.082176
0 0.606096 0.348380 0.150463 0.074074
0 0.627315 0.428819 0.163580 0.096065
0 0.660494 0.520833 0.154321 0.094907
0 0.686343 0.614005 0.164352 0.082176
0 0.716049 0.710648 0.175926 0.097222
0 0.919753 0.383102 0.157407 0.071759
