0 0.374614 0.747106 0.182870 0.105324
0 0.368441 0.648148 0.179784 0.092593
0 0.363426 0.553819 0.175926 0.091435
0 0.354552 0.462963 0.164352 0.081019
0 0.352238 0.383102 0.145833 0.074074
0 0.515818 0.385417 0.158179 0.069444
0 0.529321 0.470486 0.157407 0.072917
0 0.538194 0.556134 0.170525 0.079861
0 0.553241 0.648148 0.177469 0.078704
0 0.564429 0.749421 0.179784 0.107639
0 0.753472 0.754051 0.181327 0.093750
0 0.732639 0.659144 0.178241 0.096065
0 0.714120 0.567708 0.173611 0.089120
0 0.692901 0.480903 0.160494 0.077546
0 0.679398 0.400463 0.162809 0.078704
