0 0.617670 0.168403 0.175154 0.105324
0 0.623457 0.258681 0.180556 0.093750
0 0.628858 0.367477 0.192901 0.105324
0 0.640046 0.488426 0.206019 0.127315
0 0.650463 0.630787 0.220679 0.150463
0 0.658179 0.786458 0.237654 0.151620
0 0.392361 0.801505 0.249228 0.151620
0 0.407022 0.642940 0.218364 0.137731
0 0.419367 0.501157 0.204475 0.127315
0 0.423225 0.382523 0.192130 0.121528
0 0.429012 0.278935 0.185185 0.111111
0 0.434414 0.196181 0.169753 0.098380
0 0.260802 0.217014 0.157407 0.086806
0 0.245370 0.301505 0.168210 0.093750
0 0.223380 0.402778 0.182870 0.097222
0 0.206404 0.519097 0.192130 0.126157
0 0.181327 0.657407 0.211420 0.127315
0 0.152778 0.802662 0.219136 0.144676
