0 0.299383 0.471065 0.143519 0.078704
0 0.331019 0.543403 0.134259 0.075231
0 0.363812 0.622106 0.161265 0.089120
0 0.407022 0.707176 0.150463 0.083333
0 0.442515 0.802083 0.152006 0.090278
0 0.586034 0.808449 0.136574 0.103009
0 0.696759 0.804977 0.128086 0.089120
0 0.540895 0.712384 0.131173 0.089120
0 0.498457 0.635995 0.138889 0.079861
0 0.460262 0.560764 0.130401 0.072917
0 0.535108 0.495370 0.118056 0.067130
0 0.423997 0.487269 0.125772 0.071759
0 0.567515 0.567708 0.119599 0.070602
0 0.618827 0.647569 0.121914 0.065972
0 0.661265 0.726273 0.123457 0.075231
