0 0.295525 0.451389 0.141975 0.081019
0 0.315586 0.532407 0.143519 0.074074
0 0.336806 0.623843 0.144290 0.081019
0 0.354938 0.717014 0.155864 0.096065
0 0.365355 0.810764 0.170525 0.098380
0 0.541667 0.810185 0.185185 0.090278
0 0.518519 0.713542 0.179012 0.086806
0 0.498071 0.624421 0.168981 0.086806
0 0.469907 0.541088 0.158951 0.072917
0 0.451775 0.460648 0.164352 0.074074
0 0.606096 0.460069 0.147377 0.065972
0 0.630015 0.535880 0.158179 0.078704
0 0.661265 0.616319 0.163580 0.075231
0 0.691744 0.712384 0.173611 0.089120
0 0.719907 0.801505 0.189815 0.093750
