0 0.635802 0.743056 0.248457 0.159722
0 0.629630 0.587963 0.239198 0.143519
0 0.620370 0.441551 0.233025 0.114583
0 0.618441 0.326389 0.209105 0.094907
0 0.610340 0.222222 0.197531 0.087963
0 0.604938 0.119792 0.169753 0.098380
0 0.424769 0.135417 0.170525 0.101852
0 0.416281 0.232639 0.184414 0.106481
0 0.408565 0.340856 0.201389 0.109954
0 0.400463 0.461227 0.212963 0.140046
0 0.394676 0.592593 0.235340 0.152778
0 0.383102 0.744213 0.243056 0.150463
0 0.153549 0.744792 0.216049 0.146991
0 0.174383 0.600116 0.216049 0.140046
0 0.197145 0.465856 0.204475 0.121528
0 0.212963 0.350694 0.194444 0.115741
0 0.239969 0.248264 0.188272 0.105324
0 0.255401 0.155093 0.175926 0.101852
