0 0.593364 0.073495 0.174383 0.093750
0 0.600309 0.168403 0.180556 0.107639
0 0.604938 0.275463 0.188272 0.115741
0 0.618441 0.399884 0.206019 0.135417
0 0.623457 0.542824 0.216049 0.155093
0 0.635802 0.701389 0.239198 0.168981
0 0.380787 0.707755 0.250772 0.174769
0 0.386960 0.552083 0.229167 0.150463
0 0.396219 0.410301 0.213735 0.142361
0 0.394290 0.289352 0.188272 0.115741
0 0.401235 0.191551 0.183642 0.116898
0 0.414352 0.091435 0.172840 0.094907
0 0.237654 0.104167 0.168210 0.094907
0 0.216435 0.204861 0.184414 0.106481
0 0.200617 0.312500 0.199074 0.122685
0 0.180170 0.425926 0.212191 0.134259
0 0.161651 0.556134 0.224537 0.149306
0 0.133488 0.717014 0.234568 0.144676
