0 0.638117 0.166088 0.163580 0.089120
0 0.645062 0.255787 0.168210 0.085648
0 0.646991 0.366319 0.181327 0.109954
0 0.655093 0.491898 0.192901 0.115741
0 0.662809 0.632523 0.205247 0.142361
0 0.671296 0.793981 0.239198 0.145833
0 0.408179 0.781250 0.231481 0.136574
0 0.423997 0.630208 0.215278 0.123843
0 0.436343 0.490741 0.202932 0.115741
0 0.443673 0.368056 0.183642 0.104167
0 0.451775 0.266204 0.179784 0.094907
0 0.459105 0.175926 0.169753 0.092593
0 0.288966 0.186343 0.159722 0.087963
0 0.265432 0.282986 0.168210 0.096065
0 0.244213 0.380787 0.172068 0.094907
0 0.227238 0.496528 0.198302 0.111111
0 0.197917 0.630787 0.206019 0.122685
0 0.167824 0.774306 0.222994 0.125000
