0 0.318673 0.689236 0.262346 0.133102
0 0.309028 0.578704 0.247685 0.122685
0 0.304784 0.474537 0.245370 0.118056
0 0.295910 0.373843 0.241512 0.118056
0 0.286265 0.282407 0.239198 0.118056
0 0.279707 0.188657 0.218364 0.111111
0 0.509645 0.217014 0.224537 0.098380
0 0.524691 0.309028 0.222222 0.104167
0 0.541281 0.400463 0.229167 0.106481
0 0.552469 0.500579 0.228395 0.109954
0 0.564043 0.603009 0.250000 0.120370
0 0.588735 0.710069 0.259259 0.128472
0 0.848380 0.741898 0.256944 0.122685
0 0.829090 0.622106 0.253858 0.100694
0 0.798997 0.524306 0.230710 0.108796
0 0.781250 0.420718 0.230710 0.109954
0 0.759645 0.328125 0.232253 0.103009
0 0.741512 0.241898 0.233025 0.104167
