0 0.597994 0.126736 0.166667 0.082176
0 0.603781 0.221065 0.179784 0.092593
0 0.606481 0.335648 0.191358 0.104167
0 0.605710 0.464120 0.205247 0.113426
0 0.612654 0.602431 0.220679 0.137731
0 0.622299 0.763310 0.226080 0.151620
0 0.360725 0.762153 0.236883 0.137731
0 0.376157 0.600694 0.235340 0.122685
0 0.387731 0.454282 0.221451 0.123843
0 0.396991 0.334491 0.199846 0.099537
0 0.405478 0.228009 0.184414 0.094907
0 0.417824 0.134259 0.175154 0.085648
0 0.244213 0.137153 0.173611 0.082176
0 0.217978 0.234954 0.189043 0.085648
0 0.196373 0.336227 0.199846 0.103009
0 0.171296 0.455440 0.206790 0.109954
0 0.146991 0.586227 0.218364 0.121528
0 0.121528 0.745370 0.235340 0.129630
