0 0.696759 0.782407 0.271605 0.208333
0 0.673997 0.564236 0.229167 0.184028
0 0.658951 0.395255 0.192901 0.167824
0 0.651235 0.250579 0.183642 0.123843
0 0.639275 0.135995 0.167438 0.112269
0 0.456404 0.158565 0.162809 0.115741
0 0.452546 0.274306 0.181327 0.125000
0 0.443287 0.410880 0.198302 0.155093
0 0.435957 0.591435 0.226852 0.182870
0 0.427083 0.791088 0.238426 0.209491
0 0.177469 0.798611 0.234568 0.206019
0 0.209105 0.597801 0.226852 0.177083
0 0.241127 0.424769 0.201389 0.157407
0 0.261574 0.290509 0.183642 0.131944
0 0.288194 0.175347 0.167438 0.107639
