2 0.222222 0.837963 0.180556 0.208333
0 0.657407 0.151620 0.162037 0.101852
0 0.665509 0.268519 0.172068 0.111111
0 0.677855 0.409722 0.195216 0.125000
0 0.685571 0.589699 0.209105 0.190972
0 0.704861 0.795718 0.219907 0.214120
0 0.456404 0.792824 0.232253 0.196759
0 0.461806 0.575231 0.230710 0.159722
0 0.467593 0.416667 0.199074 0.127315
0 0.475309 0.283565 0.180556 0.120370
0 0.483410 0.168403 0.161265 0.114583
0 0.314429 0.171875 0.165895 0.103009
0 0.287037 0.291088 0.185185 0.119213
0 0.265432 0.420718 0.191358 0.146991
0 0.240741 0.586806 0.209877 0.166667
