0 0.815201 0.594329 0.263117 0.093750
0 0.794367 0.486690 0.258488 0.082176
0 0.768904 0.384259 0.256944 0.085648
0 0.740355 0.291088 0.252315 0.072917
0 0.713735 0.197338 0.237654 0.072917
0 0.691744 0.109375 0.232253 0.072917
0 0.546296 0.609375 0.262346 0.093750
0 0.527006 0.500000 0.254630 0.083333
0 0.511188 0.403356 0.252315 0.086806
0 0.491512 0.303241 0.236111 0.092593
0 0.469522 0.207755 0.230710 0.077546
0 0.458333 0.120370 0.236111 0.078704
0 0.266975 0.626736 0.265432 0.098380
0 0.257330 0.513310 0.256944 0.089120
0 0.249228 0.408565 0.256173 0.090278
0 0.238812 0.311921 0.247685 0.082176
0 0.224537 0.212384 0.226852 0.086806
0 0.221065 0.127315 0.227623 0.085648
