0 0.270448 0.173611 0.246142 0.087963
0 0.251929 0.266204 0.261574 0.092593
0 0.230710 0.356481 0.260802 0.099537
0 0.202932 0.452546 0.273148 0.108796
0 0.181327 0.556134 0.280864 0.105324
1 0.160494 0.682292 0.305556 0.130787
0 0.545910 0.171296 0.258488 0.085648
0 0.536651 0.258681 0.260031 0.091435
0 0.520833 0.354167 0.266975 0.087963
0 0.511188 0.458912 0.283179 0.098380
0 0.496142 0.564815 0.288580 0.106481
0 0.483410 0.673611 0.298611 0.108796
0 0.813657 0.675926 0.317130 0.111111
0 0.814815 0.563079 0.311728 0.098380
0 0.819444 0.453704 0.304012 0.094907
0 0.823688 0.351852 0.290895 0.090278
0 0.826775 0.255208 0.280093 0.084491
0 0.833719 0.168403 0.270833 0.075231
