0 0.706404 0.750000 0.241512 0.231481
0 0.684414 0.552662 0.222222 0.186343
0 0.666281 0.383102 0.184414 0.171296
0 0.652392 0.244792 0.185957 0.142361
0 0.643133 0.131944 0.158179 0.122685
0 0.467978 0.161458 0.161265 0.121528
0 0.300540 0.193866 0.158179 0.119213
0 0.279321 0.309606 0.177469 0.140046
0 0.457562 0.278356 0.186728 0.140046
0 0.452932 0.416088 0.202160 0.165509
0 0.447917 0.582176 0.230710 0.203704
0 0.446373 0.793981 0.239969 0.222222
0 0.206404 0.806713 0.215278 0.206019
0 0.240355 0.603009 0.209105 0.180556
0 0.258488 0.446181 0.200617 0.158565
