0 0.689815 0.713542 0.179012 0.103009
0 0.508102 0.715278 0.182870 0.094907
0 0.320216 0.710648 0.174383 0.090278
0 0.318673 0.612847 0.175926 0.086806
0 0.496528 0.621528 0.173611 0.090278
0 0.668210 0.622106 0.180556 0.089120
0 0.653549 0.535301 0.169753 0.075231
0 0.483796 0.531829 0.168210 0.079861
0 0.312886 0.524306 0.170525 0.081019
0 0.309799 0.445023 0.159722 0.082176
0 0.303627 0.365162 0.153549 0.082176
0 0.477238 0.452546 0.153549 0.074074
0 0.467978 0.372685 0.155093 0.078704
0 0.638117 0.457755 0.163580 0.075231
0 0.622685 0.376736 0.160494 0.082176
