0 0.300926 0.399306 0.163580 0.069444
0 0.461420 0.398727 0.154321 0.070602
0 0.602623 0.408565 0.145062 0.062500
0 0.630401 0.479167 0.155864 0.067130
0 0.664352 0.563079 0.148148 0.075231
0 0.693673 0.653356 0.158951 0.082176
0 0.735340 0.756366 0.154321 0.077546
0 0.563272 0.753472 0.171296 0.094907
0 0.535494 0.657407 0.166667 0.085648
0 0.505401 0.560185 0.152778 0.081019
0 0.484182 0.469907 0.152006 0.071759
0 0.342207 0.556134 0.161265 0.079861
1 0.323688 0.483218 0.162809 0.077546
1 0.368056 0.653356 0.175926 0.086806
1 0.387346 0.753472 0.182099 0.111111
