0 0.199074 0.718750 0.171296 0.115741
0 0.170910 0.612847 0.172068 0.098380
0 0.144676 0.522569 0.164352 0.100694
0 0.114198 0.429977 0.166667 0.096065
0 0.090664 0.349537 0.152006 0.083333
0 0.404321 0.403935 0.143519 0.081019
0 0.432485 0.481481 0.142747 0.076389
0 0.467978 0.564815 0.138117 0.081019
0 0.508873 0.657407 0.150463 0.087963
0 0.546296 0.755208 0.146605 0.096065
0 0.682870 0.769676 0.141975 0.092593
0 0.638117 0.667824 0.134259 0.090278
0 0.606867 0.583912 0.133488 0.086806
0 0.568287 0.506944 0.125772 0.083333
0 0.536265 0.424190 0.123457 0.075231
0 0.648148 0.443287 0.129630 0.078704
0 0.698302 0.519676 0.129630 0.083333
0 0.733025 0.605324 0.131173 0.076389
0 0.775077 0.685764 0.142747 0.089120
0 0.819444 0.773148 0.138889 0.087963
