0 0.630787 0.173032 0.172068 0.068287
0 0.639275 0.261574 0.187500 0.081019
0 0.642747 0.362269 0.211420 0.094907
0 0.653164 0.489583 0.222994 0.118056
0 0.664352 0.640625 0.236111 0.140046
0 0.672454 0.796296 0.250772 0.143519
0 0.415123 0.801505 0.220679 0.156250
0 0.420910 0.645833 0.206019 0.143519
0 0.429784 0.506944 0.203704 0.113426
0 0.444444 0.386574 0.194444 0.111111
0 0.444444 0.274306 0.182099 0.094907
0 0.451003 0.185764 0.158179 0.086806
0 0.278935 0.204861 0.162809 0.087963
0 0.267747 0.295718 0.169753 0.091435
0 0.245370 0.402199 0.175926 0.103009
0 0.222222 0.520833 0.194444 0.113426
0 0.205247 0.651620 0.203704 0.136574
0 0.173611 0.807292 0.222222 0.130787
