0 0.675540 0.762153 0.176698 0.107639
0 0.659336 0.666667 0.175154 0.099537
0 0.641204 0.576389 0.175926 0.087963
0 0.625772 0.491319 0.165123 0.084491
0 0.607639 0.410301 0.156636 0.079861
0 0.493441 0.756366 0.173611 0.098380
0 0.480710 0.659144 0.179012 0.105324
0 0.474923 0.571759 0.168981 0.092593
0 0.458719 0.483796 0.165895 0.087963
0 0.451003 0.402199 0.159722 0.086806
0 0.300926 0.750000 0.183642 0.106481
0 0.296682 0.653935 0.179784 0.097222
0 0.289738 0.558449 0.173611 0.089120
0 0.288194 0.476852 0.167438 0.078704
0 0.281636 0.392940 0.163580 0.082176
