0 0.577546 0.064236 0.170525 0.105324
0 0.580247 0.161458 0.171296 0.119213
0 0.590278 0.271991 0.197531 0.125000
0 0.597608 0.396412 0.212191 0.149306
0 0.609182 0.534144 0.229167 0.160880
0 0.618441 0.705440 0.226080 0.167824
0 0.393904 0.092014 0.168981 0.107639
0 0.387346 0.188079 0.185185 0.114583
0 0.384645 0.295718 0.192130 0.130787
0 0.371528 0.419560 0.202932 0.144676
0 0.370370 0.565972 0.222222 0.162037
0 0.360725 0.725116 0.224537 0.158565
0 0.125386 0.742477 0.215278 0.151620
0 0.147377 0.587963 0.212963 0.148148
0 0.164738 0.448495 0.184414 0.137731
0 0.179398 0.331019 0.178241 0.113426
0 0.206790 0.221644 0.191358 0.119213
0 0.219522 0.124421 0.164352 0.112269
