0 0.258873 0.727431 0.185957 0.116898
0 0.248843 0.620949 0.179784 0.100694
0 0.225309 0.525463 0.180556 0.094907
0 0.215664 0.434606 0.182870 0.091435
0 0.194830 0.349537 0.170525 0.106481
0 0.360725 0.361111 0.158179 0.087963
0 0.383488 0.453125 0.160494 0.096065
0 0.395833 0.543403 0.183642 0.098380
0 0.428241 0.635995 0.172840 0.096065
0 0.445216 0.736111 0.185185 0.113426
0 0.619213 0.752315 0.178241 0.104167
0 0.591049 0.645833 0.166667 0.097222
0 0.566744 0.548611 0.170525 0.097222
0 0.540123 0.467593 0.168210 0.085648
0 0.511574 0.380787 0.141975 0.076389
0 0.835648 0.423611 0.149691 0.078704
0 0.878858 0.499421 0.157407 0.082176
0 0.912037 0.589120 0.158951 0.092593
0 0.932099 0.675347 0.135802 0.091435
