0 0.645448 0.168981 0.170525 0.125000
0 0.650463 0.282407 0.186728 0.136574
0 0.665895 0.422454 0.216049 0.168981
0 0.678627 0.592593 0.235340 0.203704
0 0.696759 0.797454 0.253086 0.245370
0 0.473380 0.185764 0.185957 0.121528
0 0.301698 0.206019 0.172840 0.113426
0 0.275077 0.321759 0.201389 0.122685
0 0.246914 0.448495 0.200617 0.144676
0 0.212963 0.607060 0.233025 0.170139
0 0.173611 0.800926 0.248457 0.192130
0 0.452160 0.299769 0.189815 0.141204
0 0.444444 0.440972 0.216049 0.157407
0 0.432870 0.608218 0.237654 0.190972
0 0.415509 0.810764 0.253858 0.225694
