0 0.645448 0.706019 0.221451 0.164352
0 0.633873 0.540509 0.199846 0.145833
0 0.631559 0.406250 0.198302 0.129630
0 0.619985 0.274884 0.187500 0.107639
0 0.613040 0.174190 0.168981 0.114583
0 0.606096 0.077546 0.158179 0.104167
0 0.423997 0.103588 0.162809 0.100694
0 0.422454 0.199074 0.164352 0.113426
0 0.412037 0.306134 0.171296 0.114583
0 0.410880 0.423032 0.190586 0.133102
0 0.400463 0.557292 0.205247 0.140046
0 0.395833 0.711227 0.217593 0.149306
0 0.170910 0.719907 0.207562 0.141204
0 0.186728 0.571759 0.194444 0.138889
0 0.210262 0.438079 0.187500 0.126157
0 0.222608 0.325810 0.184414 0.119213
0 0.241898 0.221065 0.175154 0.104167
0 0.254244 0.123264 0.164352 0.096065
