0 0.616898 0.123843 0.170525 0.087963
0 0.619213 0.218750 0.179784 0.097222
0 0.621914 0.328125 0.194444 0.103009
0 0.626543 0.456597 0.205247 0.123843
0 0.631173 0.594907 0.217593 0.134259
0 0.640818 0.754051 0.241512 0.156250
0 0.431327 0.129051 0.172840 0.086806
0 0.423997 0.218750 0.176698 0.099537
0 0.411651 0.324653 0.189043 0.107639
0 0.406636 0.450810 0.208333 0.116898
0 0.391204 0.588542 0.223765 0.140046
0 0.383873 0.747106 0.226080 0.156250
0 0.256944 0.134259 0.168210 0.083333
0 0.242670 0.224537 0.182870 0.087963
0 0.219136 0.334491 0.189815 0.099537
0 0.198302 0.450810 0.211420 0.112269
0 0.162037 0.586806 0.212963 0.125000
0 0.135802 0.740162 0.229938 0.130787
