0 0.249614 0.429977 0.145833 0.077546
0 0.265432 0.504051 0.131173 0.063657
0 0.287423 0.598380 0.147377 0.085648
0 0.302469 0.690394 0.155864 0.089120
0 0.324460 0.794560 0.179784 0.109954
0 0.495370 0.788194 0.177469 0.094907
0 0.469522 0.689815 0.155093 0.087963
0 0.448302 0.609375 0.149691 0.091435
0 0.411651 0.519676 0.155093 0.074074
0 0.390046 0.447917 0.159722 0.083333
0 0.539738 0.456597 0.152006 0.086806
0 0.567515 0.529514 0.150463 0.084491
0 0.595293 0.614005 0.165895 0.084491
0 0.634259 0.704282 0.171296 0.084491
0 0.661265 0.798032 0.185185 0.100694
0 0.836806 0.478009 0.144290 0.076389
0 0.872685 0.554977 0.157407 0.082176
0 0.919753 0.627894 0.143519 0.091435
