1 0.419753 0.064815 0.183642 0.097222
0 0.412037 0.162037 0.169753 0.101852
0 0.405093 0.254630 0.175926 0.113426
0 0.391975 0.379630 0.192901 0.118056
0 0.383102 0.504630 0.206019 0.143519
0 0.375772 0.647569 0.216049 0.128472
0 0.161651 0.655671 0.210648 0.135417
0 0.179012 0.519097 0.195988 0.135417
0 0.202546 0.393519 0.187500 0.120370
0 0.219136 0.278935 0.174383 0.113426
0 0.233025 0.177083 0.174383 0.104167
0 0.244213 0.081597 0.158179 0.091435
0 0.095293 0.100694 0.156636 0.085648
0 0.074074 0.184606 0.146605 0.098380
