0 0.663966 0.139468 0.167438 0.105324
0 0.673997 0.260995 0.172068 0.126157
0 0.682870 0.404514 0.199074 0.151620
0 0.693673 0.575810 0.220679 0.179398
0 0.704090 0.792824 0.243056 0.229167
0 0.442901 0.787037 0.251543 0.187500
0 0.451775 0.579282 0.232253 0.179398
0 0.467593 0.403356 0.206790 0.153935
0 0.481096 0.264468 0.185957 0.128472
0 0.489969 0.144676 0.168210 0.101852
0 0.320216 0.157407 0.175926 0.106481
0 0.294367 0.268519 0.181327 0.127315
0 0.259259 0.410301 0.197531 0.146991
0 0.231481 0.574653 0.216049 0.167824
0 0.194830 0.765625 0.252315 0.188657
