0 0.301698 0.430556 0.158951 0.081019
0 0.319830 0.512731 0.168981 0.081019
0 0.336420 0.598958 0.172840 0.091435
0 0.353009 0.694444 0.182870 0.090278
0 0.372685 0.802662 0.183642 0.096065
0 0.555170 0.797454 0.182870 0.111111
0 0.529707 0.703704 0.175154 0.092593
0 0.505787 0.610532 0.170525 0.091435
0 0.484954 0.527199 0.165895 0.084491
0 0.459105 0.439236 0.155864 0.084491
0 0.611111 0.450810 0.157407 0.079861
0 0.641590 0.530093 0.175154 0.083333
0 0.666281 0.610532 0.172068 0.091435
0 0.701775 0.701968 0.176698 0.089120
0 0.730324 0.800926 0.184414 0.106481
0 0.924769 0.458912 0.150463 0.079861
