0 0.589892 0.075810 0.176698 0.107639
0 0.597994 0.174769 0.186728 0.108796
0 0.612269 0.281250 0.196759 0.131944
0 0.623071 0.405093 0.202932 0.152778
0 0.638889 0.551505 0.243827 0.158565
0 0.655864 0.715278 0.248457 0.189815
0 0.381173 0.743634 0.251543 0.186343
0 0.387731 0.570023 0.216821 0.163194
0 0.383873 0.429977 0.215278 0.146991
0 0.391204 0.309028 0.194444 0.129630
0 0.400463 0.192708 0.174383 0.119213
0 0.398920 0.100694 0.168210 0.108796
0 0.224537 0.136574 0.172840 0.104167
0 0.208719 0.228009 0.175154 0.113426
0 0.195988 0.338542 0.186728 0.133102
0 0.177469 0.458333 0.209877 0.143519
0 0.160880 0.596644 0.215278 0.160880
0 0.136188 0.740162 0.221451 0.158565
