0 0.398148 0.376736 0.154321 0.082176
0 0.417052 0.457176 0.159722 0.085648
0 0.429398 0.538773 0.170525 0.096065
0 0.451003 0.634259 0.165895 0.097222
0 0.461806 0.736111 0.178241 0.099537
0 0.646605 0.739583 0.174383 0.104167
0 0.629244 0.648727 0.170525 0.091435
0 0.600309 0.550347 0.166667 0.093750
0 0.576775 0.460648 0.153549 0.087963
0 0.559028 0.379630 0.148920 0.092593
0 0.710648 0.392940 0.135802 0.079861
0 0.729938 0.471065 0.163580 0.085648
0 0.760417 0.558449 0.162809 0.084491
0 0.794367 0.650463 0.167438 0.099537
0 0.830247 0.752315 0.180556 0.097222
