0 0.418981 0.776620 0.175926 0.101852
0 0.595679 0.785880 0.169753 0.101852
0 0.765432 0.801505 0.165123 0.112269
0 0.399691 0.671875 0.166667 0.086806
0 0.382330 0.575810 0.170525 0.100694
0 0.360725 0.484954 0.172068 0.081019
0 0.346836 0.402199 0.168981 0.096065
0 0.501157 0.418981 0.164352 0.081019
0 0.526235 0.497685 0.160494 0.090278
0 0.546296 0.590856 0.172840 0.096065
0 0.570216 0.681134 0.168210 0.098380
0 0.734568 0.693866 0.160494 0.091435
0 0.711806 0.600694 0.170525 0.097222
0 0.682099 0.516782 0.157407 0.075231
0 0.655478 0.434606 0.144290 0.103009
