1 0.519676 0.402199 0.168981 0.103009
1 0.532022 0.488426 0.173611 0.104167
1 0.542052 0.570023 0.179784 0.112269
1 0.559799 0.657986 0.189043 0.107639
0 0.576389 0.767940 0.185185 0.112269
0 0.388889 0.748843 0.188272 0.122685
0 0.380401 0.638889 0.168210 0.101852
0 0.371914 0.547454 0.171296 0.108796
0 0.365355 0.462963 0.161265 0.106481
0 0.358410 0.383681 0.156636 0.105324
0 0.192515 0.352431 0.168981 0.105324
0 0.195216 0.439236 0.175926 0.100694
0 0.195988 0.527199 0.177469 0.103009
0 0.197917 0.620949 0.187500 0.109954
0 0.197531 0.726273 0.189815 0.116898
0 0.870370 0.461806 0.155864 0.087963
0 0.896219 0.547454 0.153549 0.085648
0 0.917824 0.629051 0.155093 0.098380
