0 0.687886 0.781250 0.221451 0.219907
0 0.439429 0.789352 0.227623 0.215278
0 0.197145 0.779514 0.227623 0.186343
0 0.228009 0.586806 0.227623 0.150463
0 0.251157 0.428241 0.198302 0.148148
0 0.281636 0.300347 0.174383 0.121528
0 0.298611 0.189815 0.171296 0.111111
0 0.464892 0.170139 0.162809 0.104167
0 0.459491 0.280093 0.187500 0.134259
0 0.449846 0.414352 0.206790 0.148148
0 0.447145 0.583912 0.219907 0.174769
0 0.670139 0.572338 0.199846 0.184028
0 0.660494 0.406829 0.206790 0.170139
0 0.650077 0.267940 0.181327 0.112269
0 0.635417 0.157407 0.168981 0.101852
