0 0.211034 0.139468 0.236883 0.107639
0 0.215278 0.233796 0.233025 0.101852
0 0.219522 0.335069 0.243056 0.114583
0 0.231096 0.439815 0.246142 0.113426
0 0.241512 0.552662 0.251543 0.121528
0 0.241512 0.666667 0.257716 0.127315
0 0.517747 0.689815 0.250000 0.134259
0 0.451775 0.163773 0.222994 0.100694
0 0.467207 0.265046 0.226080 0.099537
0 0.476080 0.362269 0.233025 0.104167
0 0.493441 0.465856 0.232253 0.107639
0 0.508102 0.570602 0.247685 0.118056
0 0.685571 0.190972 0.229167 0.104167
0 0.704861 0.282407 0.235340 0.101852
0 0.725309 0.377315 0.234568 0.113426
0 0.745756 0.483796 0.244599 0.120370
0 0.772762 0.596065 0.260031 0.127315
0 0.795910 0.708333 0.260031 0.129630
