0 0.693673 0.087963 0.179012 0.090278
0 0.702932 0.185185 0.197531 0.097222
0 0.720679 0.297454 0.208333 0.120370
0 0.734568 0.418403 0.222222 0.123843
0 0.744213 0.580440 0.235340 0.153935
0 0.759645 0.754630 0.238426 0.173611
0 0.480710 0.760417 0.257716 0.152778
0 0.472608 0.584491 0.238426 0.129630
0 0.481096 0.442130 0.229167 0.136574
0 0.491127 0.311921 0.204475 0.107639
0 0.494985 0.205440 0.185957 0.093750
0 0.505401 0.114583 0.177469 0.104167
0 0.313272 0.135417 0.171296 0.090278
0 0.297840 0.222222 0.177469 0.106481
0 0.271219 0.336806 0.198302 0.111111
0 0.252701 0.457755 0.216821 0.126157
0 0.228781 0.599537 0.229167 0.141204
0 0.193287 0.766204 0.236883 0.159722
