0 0.635417 0.689815 0.224537 0.134259
0 0.625000 0.534144 0.200617 0.153935
0 0.617670 0.398727 0.195216 0.135417
0 0.610725 0.279514 0.179784 0.121528
0 0.601466 0.174190 0.170525 0.103009
0 0.591821 0.081597 0.155864 0.098380
0 0.415123 0.100116 0.162037 0.089120
0 0.412809 0.186343 0.177469 0.106481
0 0.402392 0.300926 0.172068 0.120370
0 0.403549 0.422454 0.186728 0.115741
0 0.398148 0.556134 0.200617 0.140046
0 0.401235 0.704282 0.217593 0.140046
0 0.168210 0.714120 0.203704 0.141204
0 0.184799 0.565394 0.189043 0.144676
0 0.204475 0.436921 0.185185 0.123843
0 0.217207 0.325231 0.182870 0.104167
0 0.231867 0.218171 0.168981 0.098380
0 0.248071 0.122685 0.165895 0.104167
