0 0.666281 0.778935 0.233796 0.222222
0 0.659336 0.563657 0.215278 0.189815
0 0.652778 0.390046 0.202160 0.166667
0 0.643519 0.245949 0.180556 0.140046
0 0.636960 0.124421 0.168981 0.119213
0 0.464892 0.149884 0.168981 0.116898
0 0.455247 0.269097 0.183642 0.137731
0 0.439815 0.410880 0.203704 0.157407
0 0.423611 0.579282 0.223765 0.186343
0 0.418981 0.789931 0.233025 0.200231
0 0.182099 0.778356 0.219136 0.186343
0 0.293981 0.178241 0.157407 0.113426
0 0.275849 0.293981 0.182870 0.131944
0 0.244599 0.427083 0.189815 0.141204
0 0.211034 0.593750 0.213735 0.178241
