0 0.646219 0.086806 0.175154 0.120370
0 0.662037 0.213542 0.188272 0.146991
0 0.672454 0.360532 0.212191 0.170139
0 0.693287 0.527199 0.232253 0.200231
0 0.714506 0.750000 0.259259 0.231481
0 0.448302 0.771991 0.239198 0.217593
0 0.451775 0.555556 0.227623 0.187500
0 0.460648 0.385417 0.203704 0.162037
0 0.461806 0.241898 0.192130 0.145833
0 0.466435 0.116898 0.173611 0.118056
0 0.295525 0.151042 0.174383 0.123843
0 0.269676 0.266782 0.196759 0.149306
0 0.252315 0.401620 0.203704 0.162037
0 0.225309 0.575231 0.222222 0.178241
0 0.195216 0.781250 0.243827 0.226852
