0 0.665123 0.107639 0.169753 0.104167
0 0.665895 0.231481 0.171296 0.129630
0 0.684028 0.387731 0.201389 0.152778
0 0.687114 0.568866 0.221451 0.193287
0 0.692515 0.788194 0.244599 0.233796
0 0.479552 0.122685 0.170525 0.104167
0 0.466049 0.244213 0.202160 0.131944
0 0.453704 0.387731 0.208333 0.157407
0 0.434414 0.571181 0.225309 0.193287
0 0.430941 0.791667 0.253858 0.210648
0 0.177855 0.771412 0.232253 0.200231
0 0.211034 0.568866 0.229167 0.167824
0 0.246528 0.395833 0.207562 0.141204
0 0.269290 0.252315 0.200617 0.129630
0 0.298225 0.134259 0.173611 0.108796
