0 0.586806 0.699653 0.244599 0.144676
0 0.580633 0.548611 0.224537 0.150463
0 0.576775 0.415509 0.206019 0.127315
0 0.574074 0.296296 0.192901 0.106481
0 0.574074 0.192708 0.189815 0.098380
0 0.573302 0.106481 0.169753 0.090278
0 0.394676 0.113426 0.173611 0.092593
0 0.383102 0.207755 0.185957 0.103009
0 0.371914 0.310185 0.191358 0.113426
0 0.361111 0.423032 0.202160 0.126157
0 0.351466 0.554977 0.221451 0.149306
0 0.342207 0.710069 0.238426 0.156250
0 0.112654 0.711806 0.223765 0.155093
0 0.139660 0.564815 0.217593 0.129630
0 0.162423 0.431134 0.210648 0.123843
0 0.180556 0.318866 0.199074 0.114583
0 0.203318 0.215856 0.181327 0.098380
0 0.217978 0.124421 0.184414 0.091435
