0 0.258102 0.094907 0.170525 0.099537
0 0.246142 0.192708 0.174383 0.103009
0 0.229167 0.300926 0.194444 0.118056
0 0.206019 0.423611 0.205247 0.125000
0 0.184414 0.562500 0.219136 0.141204
0 0.157407 0.728009 0.240741 0.141204
0 0.407407 0.724537 0.248457 0.155093
0 0.414738 0.556134 0.229167 0.151620
0 0.420910 0.412037 0.215278 0.138889
0 0.428241 0.285301 0.195988 0.107639
0 0.435571 0.173611 0.181327 0.097222
0 0.440201 0.079282 0.172068 0.093750
0 0.633873 0.061921 0.173611 0.098380
0 0.639660 0.157986 0.182099 0.098380
0 0.648148 0.270833 0.194444 0.113426
0 0.658951 0.396412 0.216049 0.130787
0 0.667052 0.549769 0.222994 0.157407
0 0.674769 0.719329 0.238426 0.163194
