0 0.167438 0.147569 0.265432 0.086806
0 0.184414 0.243056 0.260802 0.087963
0 0.202932 0.349537 0.273148 0.087963
0 0.216821 0.467014 0.276235 0.093750
0 0.234954 0.582755 0.278549 0.093750
0 0.250772 0.703125 0.285494 0.098380
0 0.440586 0.148148 0.240741 0.094907
0 0.463349 0.243056 0.250772 0.090278
0 0.480710 0.341435 0.257716 0.092593
0 0.506559 0.451389 0.269290 0.094907
0 0.524691 0.563657 0.283951 0.101852
0 0.552855 0.685764 0.292438 0.107639
0 0.692130 0.132523 0.234568 0.089120
0 0.721065 0.230903 0.252315 0.089120
0 0.753086 0.331019 0.280864 0.090278
0 0.783565 0.436921 0.284722 0.098380
0 0.814815 0.549769 0.300926 0.101852
0 0.852623 0.670718 0.291667 0.112269
