0 0.381173 0.352431 0.160494 0.077546
0 0.392747 0.432292 0.157407 0.086806
0 0.401620 0.515046 0.158179 0.097222
0 0.404707 0.611690 0.178241 0.103009
0 0.412037 0.712384 0.180556 0.096065
0 0.599151 0.720486 0.181327 0.107639
0 0.588735 0.619213 0.179012 0.090278
0 0.576775 0.528935 0.172068 0.094907
0 0.564043 0.441551 0.157407 0.086806
0 0.550926 0.360532 0.154321 0.077546
0 0.706019 0.364583 0.152778 0.078704
0 0.729938 0.451389 0.162037 0.087963
0 0.747685 0.538773 0.175926 0.089120
0 0.768519 0.628472 0.174383 0.094907
0 0.789738 0.730324 0.184414 0.101852
