0 0.794753 0.625579 0.260802 0.105324
0 0.773148 0.517361 0.271605 0.092593
0 0.749228 0.409722 0.259259 0.092593
0 0.716435 0.313657 0.243056 0.078704
0 0.695602 0.222222 0.241512 0.076389
0 0.668210 0.135995 0.225309 0.079861
0 0.527392 0.640046 0.232253 0.127315
0 0.501929 0.530671 0.232253 0.109954
0 0.488812 0.427662 0.222994 0.105324
0 0.470293 0.333912 0.215278 0.098380
0 0.450617 0.239005 0.212963 0.093750
0 0.438657 0.146412 0.212191 0.084491
0 0.253472 0.651620 0.252315 0.129630
0 0.246914 0.538194 0.245370 0.101852
0 0.233410 0.438079 0.239969 0.109954
0 0.222994 0.344329 0.234568 0.100694
0 0.205633 0.240741 0.229167 0.097222
0 0.196759 0.153356 0.222222 0.096065
