0 0.638889 0.689236 0.228395 0.153935
0 0.637346 0.544560 0.214506 0.126157
0 0.636188 0.414931 0.195216 0.116898
0 0.629630 0.295718 0.183642 0.112269
0 0.627701 0.200810 0.172068 0.096065
0 0.613812 0.100116 0.161265 0.100694
0 0.449460 0.109954 0.165895 0.085648
0 0.290123 0.122106 0.152778 0.089120
0 0.444830 0.200810 0.184414 0.109954
0 0.444059 0.304398 0.189043 0.111111
0 0.433642 0.418981 0.186728 0.122685
0 0.417052 0.545139 0.196759 0.127315
0 0.416281 0.688657 0.224537 0.125000
0 0.202932 0.686921 0.205247 0.123843
0 0.222222 0.550926 0.197531 0.113426
0 0.244599 0.427083 0.179012 0.111111
0 0.265432 0.313079 0.177469 0.103009
0 0.275849 0.209491 0.162809 0.097222
