2 0.288580 0.833912 0.137346 0.107639
2 0.921296 0.569444 0.157407 0.319444
0 0.483796 0.737847 0.186728 0.093750
0 0.650849 0.725116 0.168981 0.114583
0 0.617284 0.624421 0.165123 0.089120
0 0.581404 0.531829 0.156636 0.079861
0 0.554012 0.451968 0.155864 0.070602
0 0.523920 0.380208 0.148148 0.075231
0 0.454475 0.631944 0.165123 0.078704
0 0.279321 0.635995 0.169753 0.072917
0 0.262731 0.542824 0.165895 0.083333
0 0.398148 0.450231 0.152778 0.078704
0 0.377315 0.378472 0.149691 0.081019
0 0.221065 0.376736 0.161265 0.075231
0 0.239198 0.454861 0.166667 0.078704
