0 0.296682 0.736690 0.168981 0.098380
0 0.292438 0.641204 0.168210 0.092593
0 0.285108 0.556134 0.165895 0.079861
0 0.279707 0.470486 0.165895 0.086806
0 0.275077 0.392361 0.152006 0.083333
0 0.432485 0.402778 0.148920 0.074074
0 0.442901 0.478009 0.157407 0.076389
0 0.453704 0.557292 0.162037 0.084491
0 0.461806 0.644676 0.165895 0.090278
0 0.651235 0.745949 0.169753 0.093750
0 0.630401 0.650463 0.165123 0.090278
0 0.617670 0.561921 0.155093 0.082176
0 0.601080 0.483218 0.154321 0.082176
0 0.582948 0.407407 0.155093 0.076389
2 0.472994 0.857060 0.148148 0.114583
