2 0.275463 0.810764 0.162037 0.105324
2 0.919753 0.604167 0.160494 0.344907
0 0.472994 0.720486 0.175926 0.107639
0 0.640046 0.725694 0.161265 0.101852
0 0.602238 0.616898 0.159722 0.094907
0 0.443287 0.601273 0.161265 0.091435
0 0.273534 0.593750 0.178241 0.087963
0 0.262731 0.501157 0.165895 0.092593
0 0.238426 0.411458 0.154321 0.075231
0 0.222222 0.331019 0.143519 0.083333
0 0.381559 0.337384 0.138117 0.084491
0 0.399691 0.421875 0.146605 0.086806
0 0.425926 0.513889 0.160494 0.085648
0 0.573688 0.522569 0.150463 0.089120
0 0.550926 0.441551 0.151235 0.089120
0 0.532022 0.364583 0.138117 0.076389
