0 0.609182 0.088542 0.167438 0.093750
0 0.431327 0.106481 0.185185 0.106481
0 0.238812 0.232639 0.179784 0.111111
0 0.219907 0.325231 0.182099 0.099537
0 0.205633 0.454861 0.196759 0.125000
0 0.183256 0.588542 0.209105 0.146991
0 0.170525 0.739583 0.220679 0.162037
0 0.407022 0.728588 0.232253 0.160880
0 0.405093 0.570023 0.223765 0.158565
0 0.412037 0.434606 0.212963 0.133102
0 0.417438 0.310764 0.205247 0.133102
0 0.421682 0.198495 0.184414 0.116898
0 0.616898 0.180556 0.173611 0.104167
0 0.625386 0.287037 0.179784 0.122685
0 0.643133 0.405671 0.196759 0.133102
0 0.651235 0.545718 0.203704 0.146991
0 0.659336 0.709491 0.238426 0.164352
