0 0.416667 0.432292 0.141975 0.077546
0 0.452546 0.516204 0.139660 0.087963
0 0.486883 0.604167 0.140432 0.085648
0 0.515818 0.689815 0.147377 0.097222
0 0.548225 0.797454 0.153549 0.094907
0 0.696373 0.807292 0.150463 0.096065
0 0.653935 0.706597 0.141204 0.082176
0 0.618056 0.616898 0.143519 0.085648
0 0.587963 0.530093 0.134259 0.069444
0 0.548997 0.458333 0.125772 0.062500
0 0.670139 0.476273 0.119599 0.063657
0 0.706404 0.552083 0.131944 0.069444
0 0.746142 0.624421 0.134259 0.089120
0 0.783951 0.715278 0.125000 0.087963
0 0.836034 0.806713 0.138117 0.078704
0 0.187114 0.757523 0.176698 0.107639
0 0.160108 0.651042 0.178241 0.096065
0 0.134645 0.543981 0.170525 0.101852
0 0.115741 0.437500 0.165123 0.081019
