1 0.511188 0.300926 0.136574 0.090278
0 0.338349 0.384259 0.165895 0.083333
0 0.344907 0.468750 0.172840 0.090278
0 0.346836 0.557870 0.172068 0.087963
0 0.352238 0.656829 0.182870 0.093750
0 0.356096 0.758681 0.193673 0.100694
0 0.550154 0.758102 0.185185 0.104167
0 0.541667 0.659144 0.189815 0.098380
0 0.529321 0.563079 0.179012 0.100694
0 0.516975 0.472801 0.169753 0.086806
0 0.504244 0.394676 0.170525 0.078704
0 0.667824 0.393519 0.162809 0.085648
0 0.680170 0.478009 0.168981 0.087963
0 0.700617 0.561921 0.175926 0.091435
0 0.717978 0.659722 0.178241 0.094907
0 0.738426 0.763310 0.192901 0.103009
