0 0.646991 0.782986 0.181327 0.091435
0 0.632330 0.686343 0.178241 0.090278
0 0.615741 0.598380 0.172840 0.085648
0 0.594907 0.512153 0.171296 0.086806
0 0.579090 0.437500 0.159722 0.081019
0 0.418596 0.436921 0.158179 0.072917
0 0.423997 0.513310 0.164352 0.077546
0 0.442515 0.600116 0.172068 0.093750
0 0.453318 0.692130 0.179784 0.094907
0 0.466049 0.785301 0.177469 0.096065
0 0.272762 0.790509 0.176698 0.097222
0 0.269290 0.693866 0.179012 0.089120
0 0.264660 0.602431 0.174383 0.084491
0 0.260417 0.509259 0.165895 0.078704
0 0.255015 0.428241 0.161265 0.087963
