0 0.310957 0.175926 0.168210 0.111111
0 0.287809 0.287616 0.180556 0.121528
0 0.261960 0.425347 0.193673 0.153935
0 0.228395 0.589699 0.206790 0.160880
0 0.199846 0.788194 0.234568 0.180556
0 0.439043 0.803241 0.229938 0.199074
0 0.451389 0.593171 0.217593 0.188657
0 0.464120 0.418403 0.198302 0.151620
0 0.472994 0.278356 0.180556 0.133102
0 0.479938 0.166088 0.160494 0.109954
0 0.660108 0.153935 0.167438 0.104167
0 0.667438 0.266782 0.186728 0.128472
0 0.677855 0.417245 0.202932 0.140046
0 0.688272 0.591435 0.209877 0.185185
0 0.698688 0.794560 0.229167 0.207176
