0 0.400463 0.350116 0.163580 0.089120
0 0.421682 0.436921 0.164352 0.086806
0 0.436343 0.526620 0.164352 0.090278
0 0.455633 0.622685 0.170525 0.097222
0 0.469907 0.721644 0.182099 0.105324
0 0.651235 0.727431 0.163580 0.100694
0 0.633102 0.633102 0.172068 0.092593
0 0.608410 0.535880 0.164352 0.092593
0 0.583719 0.447338 0.153549 0.084491
0 0.563657 0.364583 0.156636 0.076389
0 0.712191 0.376736 0.155864 0.084491
0 0.740741 0.458333 0.158951 0.081019
0 0.770833 0.543403 0.158951 0.089120
0 0.798997 0.630208 0.175154 0.093750
0 0.835262 0.734954 0.189043 0.099537
