0 0.234568 0.109375 0.172840 0.098380
0 0.214506 0.204282 0.171296 0.116898
0 0.200231 0.311343 0.195216 0.122685
0 0.181327 0.423032 0.191358 0.121528
0 0.163966 0.557292 0.212191 0.135417
0 0.143519 0.705440 0.225309 0.163194
0 0.371528 0.695602 0.224537 0.152778
0 0.379630 0.547454 0.217593 0.148148
0 0.383873 0.409722 0.202932 0.136574
0 0.389660 0.293403 0.195988 0.126157
0 0.395833 0.184606 0.177469 0.103009
0 0.402778 0.094907 0.172840 0.104167
0 0.578318 0.079282 0.162809 0.103009
0 0.583719 0.179398 0.181327 0.108796
0 0.588735 0.279514 0.189815 0.119213
0 0.596451 0.400463 0.191358 0.143519
0 0.594907 0.535880 0.208333 0.145833
0 0.604938 0.686343 0.219136 0.155093
