0 0.686728 0.734954 0.263889 0.192130
0 0.675926 0.527199 0.239198 0.165509
0 0.654321 0.353009 0.189815 0.168981
0 0.640818 0.207755 0.175154 0.146991
0 0.630401 0.094907 0.154321 0.118056
0 0.453318 0.117477 0.162809 0.112269
0 0.449074 0.227431 0.185185 0.149306
0 0.442130 0.376157 0.200617 0.164352
0 0.433256 0.548611 0.222994 0.203704
0 0.430941 0.745370 0.246142 0.222222
0 0.189043 0.749421 0.242284 0.190972
0 0.216435 0.558449 0.222994 0.181713
0 0.248843 0.392940 0.196759 0.158565
0 0.265046 0.257523 0.184414 0.142361
0 0.287423 0.140625 0.172068 0.121528
