0 0.317130 0.536458 0.179012 0.103009
0 0.489198 0.541667 0.155864 0.104167
0 0.652778 0.535880 0.166667 0.097222
0 0.620756 0.436921 0.158179 0.084491
0 0.587577 0.350116 0.156636 0.077546
0 0.554398 0.268519 0.153549 0.074074
0 0.525463 0.197338 0.154321 0.068287
0 0.379244 0.190972 0.152006 0.078704
0 0.404321 0.265046 0.158951 0.083333
0 0.434799 0.350694 0.165895 0.083333
0 0.467593 0.436921 0.169753 0.089120
0 0.286651 0.432870 0.153549 0.085648
0 0.276620 0.343171 0.135031 0.086806
0 0.244985 0.257523 0.130401 0.070602
0 0.231867 0.185764 0.128858 0.079861
