0 0.508488 0.810764 0.172840 0.109954
2 0.677855 0.904514 0.131944 0.100694
0 0.337191 0.801505 0.165123 0.105324
0 0.312500 0.695602 0.171296 0.099537
0 0.293596 0.604167 0.161265 0.074074
0 0.276620 0.518519 0.170525 0.076389
0 0.263117 0.427662 0.151235 0.082176
0 0.415895 0.442708 0.149691 0.077546
0 0.569444 0.460648 0.128086 0.074074
0 0.592207 0.531829 0.144290 0.082176
0 0.615741 0.612269 0.135802 0.078704
0 0.646219 0.711227 0.150463 0.093750
0 0.480710 0.699653 0.174383 0.093750
0 0.464120 0.614005 0.148920 0.089120
0 0.437500 0.533565 0.148148 0.090278
0 0.871528 0.491898 0.155093 0.078704
0 0.911265 0.572917 0.134259 0.076389
0 0.931713 0.646412 0.136574 0.096065
