0 0.266204 0.685185 0.254630 0.129630
0 0.265046 0.579282 0.246142 0.121528
0 0.256173 0.471644 0.242284 0.119213
0 0.243827 0.366898 0.234568 0.120370
0 0.238040 0.273727 0.236883 0.109954
0 0.228009 0.185185 0.216821 0.101852
0 0.532793 0.712384 0.243056 0.128472
0 0.519676 0.594329 0.247685 0.121528
0 0.503086 0.497685 0.242284 0.106481
0 0.488426 0.393519 0.234568 0.108796
0 0.474923 0.303819 0.221451 0.100694
0 0.460648 0.207755 0.217593 0.107639
0 0.795910 0.723380 0.252315 0.131944
0 0.775849 0.619213 0.249228 0.113426
0 0.751543 0.512153 0.242284 0.109954
0 0.732639 0.415509 0.232253 0.104167
0 0.706790 0.320023 0.226852 0.096065
0 0.691358 0.233796 0.223765 0.101852
