0 0.266204 0.252315 0.165123 0.074074
0 0.280864 0.335069 0.177469 0.077546
0 0.296296 0.421875 0.183642 0.093750
0 0.315972 0.512153 0.178241 0.089120
0 0.334105 0.612269 0.186728 0.090278
0 0.511188 0.605324 0.179784 0.092593
0 0.491512 0.506366 0.175926 0.091435
0 0.468750 0.420139 0.168981 0.085648
0 0.445216 0.334491 0.163580 0.078704
0 0.423997 0.255208 0.159722 0.072917
0 0.573688 0.254630 0.147377 0.069444
0 0.594522 0.329861 0.150463 0.087963
0 0.626929 0.414352 0.158179 0.078704
0 0.652778 0.504630 0.182099 0.092593
0 0.685185 0.596644 0.177469 0.089120
0 0.891204 0.260995 0.148148 0.070602
