0 0.655093 0.766204 0.179012 0.099537
0 0.638117 0.672454 0.166667 0.090278
0 0.621528 0.574074 0.170525 0.092593
0 0.602238 0.491898 0.170525 0.087963
0 0.587577 0.418981 0.158179 0.076389
0 0.474537 0.760995 0.179012 0.098380
0 0.463349 0.665509 0.178241 0.099537
0 0.449460 0.571181 0.172068 0.091435
0 0.436728 0.485532 0.174383 0.084491
0 0.424769 0.406250 0.164352 0.081019
0 0.261188 0.398727 0.161265 0.086806
0 0.264660 0.479167 0.174383 0.083333
0 0.272762 0.563657 0.172068 0.094907
0 0.276620 0.656829 0.178241 0.105324
0 0.279707 0.756366 0.179784 0.100694
