0 0.299383 0.697917 0.270062 0.115741
0 0.292824 0.582755 0.256944 0.107639
0 0.280093 0.471644 0.250000 0.107639
0 0.268519 0.373843 0.243827 0.106481
0 0.259259 0.269097 0.243827 0.105324
0 0.253086 0.176505 0.233025 0.096065
0 0.579090 0.713542 0.258488 0.126157
0 0.560957 0.594329 0.254630 0.109954
0 0.541281 0.486111 0.249228 0.104167
0 0.525849 0.385417 0.247685 0.108796
0 0.507330 0.289352 0.233796 0.097222
0 0.494213 0.196181 0.229167 0.100694
0 0.733025 0.204282 0.228395 0.091435
0 0.852238 0.723958 0.266204 0.119213
0 0.824846 0.607060 0.268519 0.109954
0 0.799383 0.501157 0.262346 0.101852
0 0.777006 0.400463 0.250000 0.099537
0 0.753472 0.302083 0.238426 0.097222
