0 0.793210 0.756366 0.183642 0.105324
0 0.766204 0.653935 0.172840 0.094907
0 0.738812 0.562500 0.175154 0.085648
0 0.716435 0.478588 0.172068 0.084491
0 0.690201 0.396991 0.148920 0.083333
0 0.531636 0.385417 0.160494 0.074074
0 0.554784 0.468750 0.160494 0.081019
0 0.570602 0.557870 0.170525 0.092593
0 0.591049 0.650463 0.179012 0.097222
0 0.608796 0.747106 0.182099 0.105324
0 0.426312 0.744213 0.182870 0.097222
0 0.412809 0.645255 0.179012 0.091435
0 0.403549 0.552083 0.165123 0.090278
0 0.385031 0.466435 0.158951 0.092593
0 0.377315 0.387153 0.154321 0.079861
