1 0.635031 0.246528 0.259259 0.111111
0 0.786265 0.758681 0.285494 0.114583
0 0.655093 0.342014 0.220679 0.079861
0 0.684414 0.435764 0.236111 0.093750
0 0.712963 0.534722 0.240741 0.090278
0 0.748071 0.640625 0.241512 0.105324
0 0.510417 0.755208 0.264660 0.119213
0 0.229938 0.765046 0.274691 0.120370
0 0.204861 0.643519 0.256944 0.099537
0 0.184028 0.528935 0.255401 0.101852
0 0.165895 0.418403 0.245370 0.096065
0 0.155478 0.320023 0.239969 0.098380
0 0.138889 0.222222 0.251543 0.106481
0 0.383873 0.231481 0.238426 0.108796
0 0.413580 0.334491 0.248457 0.097222
0 0.437886 0.431134 0.252315 0.105324
0 0.452160 0.535880 0.262346 0.108796
0 0.483025 0.639468 0.276235 0.116898
