0 0.626543 0.146991 0.162037 0.099537
0 0.636960 0.251736 0.178241 0.112269
0 0.650463 0.373843 0.205247 0.143519
0 0.664352 0.550926 0.223765 0.180556
0 0.689429 0.755208 0.253858 0.244213
0 0.386960 0.775463 0.270833 0.224537
0 0.405864 0.555556 0.239198 0.180556
0 0.426312 0.392940 0.207562 0.137731
0 0.432099 0.263889 0.188272 0.118056
0 0.446373 0.163194 0.167438 0.092593
0 0.271219 0.171875 0.172068 0.103009
0 0.239583 0.280093 0.193673 0.115741
0 0.209105 0.406829 0.205247 0.135417
0 0.164352 0.567130 0.223765 0.166667
0 0.124228 0.763310 0.246914 0.200231
