0 0.652006 0.126736 0.169753 0.128472
0 0.664738 0.249421 0.178241 0.142361
0 0.688272 0.392940 0.200617 0.163194
0 0.701775 0.578704 0.209105 0.201389
0 0.721065 0.811343 0.249228 0.252315
0 0.442515 0.833333 0.256944 0.233796
0 0.447531 0.598958 0.237654 0.195602
0 0.461034 0.419560 0.193673 0.165509
0 0.466049 0.270255 0.189815 0.137731
0 0.474151 0.158565 0.161265 0.122685
0 0.304012 0.179977 0.168210 0.119213
0 0.282793 0.301505 0.184414 0.137731
0 0.246914 0.440972 0.200617 0.155093
0 0.224537 0.613426 0.222222 0.168981
0 0.190201 0.828704 0.224537 0.196759
