0 0.600309 0.109954 0.128086 0.076389
0 0.290895 0.268519 0.157407 0.085648
0 0.290123 0.353588 0.174383 0.093750
0 0.296682 0.447917 0.176698 0.094907
0 0.472608 0.368634 0.170525 0.082176
0 0.643133 0.377894 0.161265 0.082176
0 0.626157 0.290509 0.153549 0.081019
0 0.660880 0.464699 0.164352 0.093750
0 0.686728 0.567130 0.175926 0.087963
0 0.697917 0.668403 0.175154 0.093750
1 0.308256 0.705440 0.190586 0.211806
1 0.302855 0.550347 0.182870 0.100694
1 0.504244 0.715278 0.192130 0.212963
1 0.497685 0.554398 0.183642 0.101852
1 0.484568 0.461227 0.171296 0.103009
1 0.462577 0.281829 0.158179 0.077546
