0 0.716821 0.098380 0.163580 0.090278
0 0.724151 0.185764 0.168981 0.107639
0 0.741898 0.295718 0.184414 0.116898
0 0.760802 0.421875 0.189815 0.126157
0 0.775849 0.556713 0.196759 0.138889
0 0.795525 0.719329 0.228395 0.158565
0 0.529321 0.733218 0.231481 0.165509
0 0.531250 0.568287 0.222994 0.152778
0 0.529321 0.435185 0.212963 0.118056
0 0.528164 0.311921 0.193673 0.116898
0 0.526235 0.201968 0.182099 0.109954
0 0.523920 0.115162 0.165123 0.082176
0 0.352238 0.129051 0.161265 0.091435
0 0.340664 0.221065 0.181327 0.094907
0 0.331404 0.326968 0.181327 0.107639
0 0.310957 0.445602 0.200617 0.120370
0 0.292052 0.589120 0.198302 0.118056
0 0.281636 0.737847 0.229938 0.144676
