2 0.928241 0.488426 0.143519 0.252315
2 0.462191 0.744213 0.515432 0.131944
2 0.631944 0.640625 0.137346 0.089120
0 0.271219 0.525463 0.172068 0.106481
0 0.445216 0.538773 0.157407 0.105324
0 0.600694 0.451968 0.159722 0.084491
0 0.569830 0.359954 0.162809 0.087963
0 0.546296 0.280093 0.152778 0.083333
0 0.389275 0.266782 0.148920 0.075231
0 0.406250 0.353009 0.150463 0.081019
0 0.428241 0.437500 0.169753 0.085648
0 0.254630 0.428241 0.172840 0.101852
0 0.238426 0.343171 0.163580 0.084491
0 0.219907 0.252315 0.160494 0.085648
