0 0.241512 0.120949 0.233025 0.116898
0 0.250772 0.225694 0.245370 0.113426
0 0.253086 0.325810 0.234568 0.114583
0 0.259259 0.428241 0.240741 0.120370
0 0.263889 0.537037 0.251543 0.136574
0 0.271219 0.653935 0.258488 0.134259
0 0.488426 0.159144 0.225309 0.112269
0 0.494213 0.260417 0.232253 0.111111
0 0.513889 0.355903 0.236111 0.116898
0 0.520833 0.460069 0.242284 0.130787
0 0.528549 0.568866 0.240741 0.128472
0 0.543596 0.688657 0.244599 0.136574
0 0.720679 0.186921 0.222222 0.100694
0 0.739583 0.280671 0.226080 0.114583
0 0.759645 0.382523 0.243056 0.121528
0 0.775463 0.491319 0.246914 0.121528
0 0.792824 0.599537 0.253858 0.125000
0 0.817515 0.715278 0.253858 0.136574
