0 0.703318 0.066551 0.162809 0.093750
0 0.713349 0.166667 0.175154 0.101852
0 0.723380 0.277199 0.195216 0.121528
0 0.744985 0.403356 0.209105 0.130787
0 0.760031 0.550926 0.211420 0.150463
0 0.779321 0.711806 0.226852 0.157407
0 0.512731 0.078704 0.173611 0.092593
0 0.517361 0.171296 0.182870 0.111111
0 0.515818 0.287616 0.196759 0.116898
0 0.513503 0.414352 0.207562 0.122685
0 0.507330 0.560764 0.219907 0.144676
0 0.504244 0.718750 0.229167 0.145833
0 0.260031 0.726273 0.223765 0.142361
0 0.277392 0.559606 0.219907 0.146991
0 0.298611 0.423611 0.199074 0.127315
0 0.316358 0.300926 0.200617 0.115741
0 0.317130 0.190972 0.174383 0.101852
0 0.328318 0.097222 0.176698 0.097222
