0 0.579475 0.080440 0.166667 0.096065
0 0.581404 0.172454 0.173611 0.108796
0 0.589892 0.277778 0.187500 0.115741
0 0.596451 0.399884 0.203704 0.126157
0 0.600694 0.537616 0.199846 0.144676
0 0.602238 0.699074 0.216821 0.168981
0 0.366898 0.699074 0.236883 0.157407
0 0.369599 0.550926 0.212963 0.141204
0 0.375000 0.420718 0.206790 0.130787
0 0.389275 0.296296 0.193673 0.120370
0 0.393904 0.187500 0.172068 0.106481
0 0.397762 0.101852 0.167438 0.099537
0 0.231096 0.121528 0.158179 0.099537
0 0.212577 0.211227 0.170525 0.100694
0 0.193673 0.318287 0.177469 0.108796
0 0.174383 0.435185 0.197531 0.127315
0 0.159336 0.563657 0.196759 0.129630
0 0.132716 0.709491 0.208333 0.131944
