0 0.642361 0.133102 0.176698 0.125000
0 0.652006 0.246528 0.182099 0.145833
0 0.670525 0.387731 0.216049 0.164352
0 0.675926 0.570602 0.242284 0.215278
0 0.701389 0.778356 0.257716 0.241898
0 0.462963 0.162616 0.180556 0.114583
0 0.456790 0.273727 0.192901 0.146991
0 0.449846 0.413773 0.206790 0.179398
0 0.442901 0.582755 0.233025 0.195602
0 0.431327 0.781829 0.250000 0.228009
0 0.294367 0.190394 0.168981 0.119213
0 0.278164 0.302662 0.185957 0.142361
0 0.254244 0.441551 0.209105 0.160880
0 0.224537 0.604167 0.206790 0.168981
0 0.195988 0.793403 0.240741 0.204861
