0 0.655478 0.071759 0.168981 0.087963
0 0.667438 0.162616 0.162037 0.093750
0 0.680556 0.272569 0.183642 0.105324
0 0.694444 0.396412 0.197531 0.121528
0 0.709105 0.534144 0.206790 0.142361
0 0.722994 0.690394 0.222222 0.158565
0 0.461420 0.697917 0.225309 0.148148
0 0.223765 0.712384 0.219136 0.146991
0 0.243827 0.554977 0.216049 0.128472
0 0.466435 0.550926 0.221451 0.129630
0 0.466821 0.410880 0.205247 0.127315
0 0.257716 0.411458 0.208333 0.121528
0 0.471065 0.281829 0.199846 0.114583
0 0.275463 0.292245 0.183642 0.109954
0 0.470293 0.173611 0.178241 0.097222
0 0.478009 0.075810 0.168981 0.098380
0 0.295910 0.090278 0.173611 0.097222
0 0.283565 0.185185 0.187500 0.101852
