0 0.626157 0.087963 0.185957 0.094907
0 0.633873 0.186343 0.190586 0.099537
0 0.643519 0.287037 0.202160 0.111111
0 0.652392 0.421875 0.221451 0.133102
0 0.657793 0.572917 0.232253 0.155093
0 0.671682 0.741319 0.253858 0.172454
0 0.438657 0.110532 0.185957 0.096065
0 0.426312 0.196181 0.190586 0.089120
0 0.422840 0.310764 0.200617 0.123843
0 0.413966 0.439815 0.213735 0.131944
0 0.403164 0.578704 0.243056 0.152778
0 0.397377 0.755787 0.253086 0.180556
0 0.256944 0.130787 0.169753 0.085648
0 0.241127 0.223958 0.185957 0.096065
0 0.213735 0.328125 0.192901 0.121528
0 0.191744 0.451968 0.212191 0.135417
0 0.160880 0.598958 0.221451 0.140046
0 0.130401 0.759259 0.231481 0.157407
