1 0.482253 0.268519 0.131173 0.085648
1 0.696373 0.625000 0.172068 0.083333
0 0.717207 0.718171 0.187500 0.100694
0 0.677469 0.524306 0.163580 0.074074
0 0.657022 0.433449 0.164352 0.084491
0 0.636960 0.355903 0.162809 0.068287
0 0.480710 0.356481 0.155864 0.069444
0 0.491898 0.435185 0.167438 0.076389
0 0.506559 0.528935 0.156636 0.092593
0 0.518904 0.619792 0.178241 0.084491
0 0.527778 0.719907 0.188272 0.097222
0 0.335648 0.722801 0.191358 0.100694
0 0.328704 0.621528 0.175926 0.092593
0 0.327546 0.526620 0.170525 0.092593
0 0.324074 0.435185 0.169753 0.076389
0 0.310571 0.354167 0.153549 0.076389
