1 0.488040 0.232639 0.131944 0.083333
1 0.718750 0.614005 0.187500 0.096065
0 0.741512 0.725694 0.205247 0.115741
0 0.696373 0.519097 0.176698 0.089120
0 0.672454 0.423611 0.167438 0.085648
0 0.653164 0.339699 0.164352 0.075231
0 0.489969 0.335069 0.162037 0.089120
0 0.504630 0.418981 0.168210 0.085648
0 0.518519 0.513889 0.179012 0.094907
0 0.531636 0.610532 0.183642 0.100694
0 0.548225 0.719907 0.190586 0.108796
0 0.352623 0.707755 0.192901 0.098380
0 0.347608 0.603009 0.182870 0.104167
0 0.336806 0.506944 0.184414 0.094907
0 0.332562 0.417245 0.175926 0.086806
0 0.321759 0.327546 0.158951 0.085648
