1 0.422454 0.521412 0.219907 0.142361
0 0.656636 0.663194 0.229938 0.150463
0 0.646991 0.516782 0.222994 0.128472
0 0.638889 0.385995 0.205247 0.109954
0 0.629244 0.267361 0.185957 0.104167
0 0.618056 0.169560 0.179012 0.096065
0 0.621142 0.075231 0.160494 0.083333
0 0.445216 0.082755 0.162037 0.091435
0 0.442515 0.173611 0.173611 0.097222
0 0.430170 0.280671 0.184414 0.105324
0 0.429784 0.392940 0.202160 0.126157
0 0.408565 0.663773 0.224537 0.135417
0 0.197531 0.662616 0.203704 0.146991
0 0.212963 0.528356 0.205247 0.130787
0 0.231867 0.403935 0.192130 0.113426
0 0.249614 0.293403 0.170525 0.105324
0 0.265046 0.190972 0.173611 0.101852
0 0.282407 0.100694 0.162037 0.087963
