0 0.402006 0.819444 0.180556 0.106481
0 0.567901 0.814236 0.171296 0.107639
0 0.739583 0.825810 0.176698 0.107639
0 0.382330 0.720486 0.175154 0.089120
0 0.361497 0.627894 0.167438 0.079861
0 0.342593 0.545139 0.163580 0.081019
0 0.323688 0.467014 0.150463 0.072917
0 0.476466 0.469329 0.142747 0.075231
0 0.496142 0.546296 0.154321 0.081019
0 0.524691 0.636574 0.154321 0.085648
0 0.546682 0.714120 0.172068 0.081019
0 0.715278 0.725116 0.157407 0.084491
0 0.681327 0.640046 0.168210 0.078704
0 0.652778 0.557870 0.157407 0.083333
0 0.619985 0.484954 0.159722 0.078704
