0 0.630401 0.743634 0.237654 0.151620
0 0.626157 0.586227 0.210648 0.137731
0 0.623071 0.443287 0.210648 0.127315
0 0.613040 0.324653 0.192130 0.107639
0 0.606867 0.214120 0.173611 0.094907
0 0.606481 0.122106 0.166667 0.086806
0 0.423225 0.133102 0.167438 0.076389
0 0.413580 0.222801 0.175926 0.096065
0 0.402778 0.327546 0.188272 0.111111
0 0.400849 0.449653 0.207562 0.116898
0 0.385802 0.587963 0.222222 0.136574
0 0.375386 0.745370 0.236883 0.152778
0 0.130015 0.741319 0.230710 0.144676
0 0.161265 0.595486 0.220679 0.142361
0 0.185571 0.456597 0.209105 0.123843
0 0.211420 0.338542 0.189815 0.105324
0 0.225694 0.235532 0.181327 0.098380
0 0.251543 0.146991 0.174383 0.092593
