0 0.657022 0.146991 0.161265 0.113426
0 0.663580 0.266782 0.174383 0.123843
0 0.679398 0.413773 0.209105 0.156250
0 0.681713 0.587384 0.206019 0.197917
0 0.707562 0.800926 0.239198 0.222222
0 0.440972 0.813079 0.241512 0.207176
0 0.447531 0.594907 0.225309 0.192130
0 0.455633 0.424190 0.212191 0.156250
0 0.469136 0.281250 0.185185 0.129630
0 0.474923 0.164931 0.167438 0.112269
0 0.304784 0.179398 0.162037 0.106481
0 0.283565 0.295718 0.181327 0.137731
0 0.253858 0.440972 0.206790 0.145833
0 0.223380 0.608218 0.222994 0.172454
0 0.195216 0.804398 0.246914 0.201389
