0 0.581019 0.072917 0.163580 0.083333
0 0.585262 0.166667 0.172068 0.097222
0 0.587963 0.273148 0.189815 0.111111
0 0.594522 0.398148 0.202932 0.113426
0 0.597222 0.540509 0.209877 0.145833
0 0.603781 0.693866 0.227623 0.142361
0 0.402392 0.081019 0.167438 0.076389
0 0.394676 0.173611 0.181327 0.087963
0 0.385417 0.275463 0.187500 0.101852
0 0.373071 0.396991 0.202932 0.125000
0 0.363040 0.539352 0.215278 0.125000
0 0.348380 0.687500 0.229167 0.143519
0 0.117670 0.684028 0.230710 0.127315
0 0.140046 0.535301 0.230710 0.126157
0 0.164738 0.400463 0.207562 0.125000
0 0.189429 0.287037 0.199846 0.104167
0 0.204090 0.182870 0.176698 0.099537
0 0.222222 0.096065 0.171296 0.092593
