0 0.702160 0.819444 0.237654 0.231481
0 0.690972 0.591435 0.222994 0.168981
0 0.677469 0.434028 0.194444 0.138889
0 0.667438 0.288773 0.180556 0.107639
0 0.661651 0.175347 0.168981 0.114583
0 0.484954 0.182292 0.172068 0.098380
0 0.472994 0.298611 0.186728 0.115741
0 0.463735 0.431713 0.206790 0.143519
0 0.456790 0.596644 0.239198 0.179398
0 0.436728 0.804977 0.253086 0.195602
0 0.197531 0.797454 0.242284 0.187500
0 0.237269 0.587384 0.219907 0.167824
0 0.265432 0.430556 0.200617 0.138889
0 0.296682 0.300926 0.185957 0.118056
0 0.316358 0.188079 0.166667 0.109954
