0 0.162037 0.239583 0.239198 0.108796
0 0.173997 0.337963 0.247685 0.108796
0 0.183256 0.438657 0.258488 0.111111
0 0.194059 0.543403 0.255401 0.114583
0 0.206404 0.660880 0.263117 0.115741
0 0.212577 0.774884 0.266204 0.107639
0 0.495756 0.790509 0.264660 0.122685
0 0.474151 0.678241 0.253858 0.120370
0 0.452932 0.568287 0.250000 0.118056
0 0.442515 0.456597 0.246142 0.103009
0 0.426312 0.358218 0.235340 0.100694
0 0.415509 0.264468 0.224537 0.103009
0 0.765046 0.806713 0.256944 0.127315
0 0.738040 0.693866 0.253858 0.119213
0 0.710648 0.585069 0.253086 0.114583
0 0.686728 0.478009 0.248457 0.111111
0 0.666281 0.381944 0.233796 0.108796
0 0.645833 0.289352 0.233025 0.106481
