0 0.612269 0.068287 0.170525 0.101852
0 0.617284 0.170139 0.175926 0.101852
0 0.632330 0.271412 0.189043 0.114583
0 0.637346 0.392940 0.192901 0.128472
0 0.643519 0.529514 0.209877 0.149306
0 0.660108 0.693866 0.226080 0.160880
0 0.407022 0.699653 0.229167 0.151620
0 0.177083 0.703704 0.224537 0.145833
0 0.435571 0.088542 0.162809 0.096065
0 0.427855 0.184606 0.170525 0.107639
0 0.422068 0.287616 0.185185 0.119213
0 0.416667 0.406829 0.189815 0.130787
0 0.413194 0.552662 0.209105 0.140046
0 0.192901 0.560185 0.209877 0.141204
0 0.212963 0.418403 0.185185 0.123843
0 0.233410 0.306134 0.190586 0.116898
0 0.246142 0.204282 0.179012 0.109954
0 0.259259 0.110532 0.171296 0.103009
