2 0.178627 0.860532 0.195216 0.244213
0 0.632330 0.124421 0.164352 0.112269
0 0.641204 0.244213 0.174383 0.129630
0 0.655864 0.387153 0.197531 0.151620
0 0.666667 0.561343 0.222222 0.194444
0 0.679398 0.785301 0.239969 0.237269
0 0.411265 0.798032 0.243827 0.216435
0 0.423611 0.579861 0.228395 0.180556
0 0.434799 0.403935 0.202932 0.150463
0 0.442901 0.262731 0.182099 0.134259
0 0.451389 0.144676 0.172840 0.115741
0 0.278549 0.162616 0.165123 0.107639
0 0.258873 0.277199 0.173611 0.123843
0 0.234954 0.409144 0.195216 0.149306
0 0.200617 0.574653 0.211420 0.177083
