0 0.632716 0.130787 0.165123 0.094907
0 0.638117 0.222801 0.180556 0.096065
0 0.646991 0.323495 0.187500 0.119213
0 0.657793 0.446181 0.210648 0.119213
0 0.660494 0.586806 0.222222 0.136574
0 0.673611 0.748264 0.237654 0.167824
0 0.455247 0.148727 0.175926 0.098380
0 0.454475 0.239583 0.185185 0.104167
0 0.444444 0.342593 0.197531 0.118056
0 0.426698 0.460069 0.208333 0.126157
0 0.418210 0.594907 0.225309 0.138889
0 0.409722 0.756366 0.236111 0.160880
0 0.275077 0.165509 0.164352 0.099537
0 0.266975 0.262731 0.174383 0.085648
0 0.243441 0.360532 0.187500 0.098380
0 0.220679 0.477431 0.208333 0.109954
0 0.197531 0.602431 0.203704 0.126157
0 0.163580 0.760995 0.222222 0.151620
