0 0.674769 0.123264 0.176698 0.105324
0 0.686728 0.244792 0.168210 0.133102
0 0.700617 0.386574 0.205247 0.159722
0 0.713735 0.571181 0.223765 0.193287
0 0.727623 0.783565 0.231481 0.212963
0 0.457176 0.788194 0.244599 0.212963
0 0.474151 0.578125 0.222994 0.172454
0 0.480324 0.398727 0.202932 0.156250
0 0.488040 0.256944 0.192130 0.141204
0 0.496528 0.137153 0.159722 0.119213
0 0.320216 0.157407 0.165123 0.120370
0 0.300926 0.269097 0.185185 0.128472
0 0.274691 0.403935 0.197531 0.152778
0 0.244599 0.572338 0.223765 0.167824
0 0.211806 0.780671 0.249228 0.184028
