0 0.364583 0.412037 0.139660 0.081019
0 0.393133 0.481481 0.142747 0.087963
0 0.421296 0.572338 0.143519 0.084491
0 0.459877 0.655093 0.154321 0.092593
0 0.492284 0.747685 0.157407 0.087963
0 0.635417 0.762731 0.144290 0.092593
0 0.768519 0.767361 0.137346 0.092593
0 0.734568 0.680556 0.145062 0.085648
0 0.681327 0.594907 0.134259 0.083333
0 0.651235 0.523148 0.126543 0.067130
0 0.615741 0.446181 0.121914 0.072917
0 0.494985 0.434028 0.131944 0.076389
0 0.518904 0.498843 0.130401 0.069444
0 0.561728 0.587963 0.141975 0.094907
0 0.602623 0.669560 0.146605 0.084491
0 0.057485 0.373843 0.113426 0.071759
0 0.070602 0.448495 0.139660 0.072917
