0 0.274306 0.105903 0.167438 0.086806
0 0.256173 0.199074 0.171296 0.092593
0 0.236883 0.300926 0.195988 0.094907
0 0.215278 0.434028 0.189815 0.127315
0 0.191744 0.573495 0.202932 0.133102
0 0.165895 0.729167 0.226852 0.141204
0 0.414352 0.726852 0.243827 0.155093
0 0.425540 0.564815 0.230710 0.152778
0 0.450231 0.085069 0.172068 0.098380
0 0.441358 0.180556 0.185185 0.101852
0 0.439429 0.289352 0.192130 0.122685
0 0.430556 0.418981 0.205247 0.127315
0 0.638889 0.071181 0.165123 0.096065
0 0.646991 0.169560 0.181327 0.105324
0 0.655093 0.274306 0.195988 0.113426
0 0.664352 0.407986 0.200617 0.128472
0 0.670910 0.557870 0.216821 0.150463
0 0.684799 0.723380 0.239969 0.155093
