1 0.484568 0.236690 0.120370 0.084491
0 0.317130 0.323495 0.155864 0.077546
0 0.322917 0.401620 0.161265 0.087963
0 0.332176 0.492477 0.164352 0.089120
0 0.339506 0.589120 0.177469 0.087963
0 0.346836 0.686921 0.176698 0.091435
0 0.539352 0.698495 0.172840 0.098380
0 0.524306 0.593171 0.162809 0.084491
0 0.506944 0.497106 0.162037 0.084491
0 0.496528 0.408565 0.161265 0.074074
0 0.483410 0.327546 0.155093 0.071759
0 0.728009 0.694444 0.167438 0.106481
0 0.700231 0.590278 0.172068 0.090278
0 0.680556 0.500579 0.158951 0.077546
0 0.660494 0.417245 0.160494 0.082176
0 0.644290 0.331597 0.162037 0.079861
