0 0.819059 0.120370 0.266204 0.092593
0 0.816744 0.207755 0.267747 0.096065
0 0.818287 0.304398 0.277006 0.092593
0 0.816358 0.400463 0.285494 0.099537
0 0.815586 0.506944 0.294753 0.106481
0 0.817901 0.614583 0.305556 0.106481
0 0.537037 0.138310 0.248457 0.082176
0 0.527778 0.222222 0.254630 0.078704
0 0.518519 0.315394 0.262346 0.096065
0 0.508488 0.415509 0.270062 0.097222
0 0.498071 0.520833 0.281636 0.104167
0 0.485725 0.629630 0.293981 0.108796
0 0.264660 0.143519 0.253086 0.081019
0 0.245756 0.235532 0.267747 0.086806
0 0.226080 0.328125 0.271605 0.086806
0 0.208333 0.424769 0.274691 0.094907
0 0.188657 0.525463 0.290895 0.094907
1 0.163966 0.643519 0.315586 0.122685
