0 0.611111 0.045139 0.169753 0.087963
0 0.622299 0.141204 0.184414 0.090278
0 0.630401 0.249421 0.200617 0.107639
0 0.630787 0.372685 0.199846 0.113426
0 0.640046 0.507523 0.212191 0.144676
0 0.648534 0.680556 0.219907 0.148148
0 0.396219 0.675347 0.222994 0.146991
0 0.405478 0.523148 0.224537 0.138889
0 0.413580 0.383102 0.206790 0.127315
0 0.415895 0.262731 0.191358 0.115741
0 0.422068 0.153935 0.179012 0.104167
0 0.423611 0.055556 0.174383 0.094907
0 0.249614 0.074653 0.172068 0.096065
0 0.233410 0.170139 0.178241 0.099537
0 0.216435 0.273148 0.184414 0.106481
0 0.203318 0.391782 0.198302 0.123843
0 0.176312 0.528356 0.207562 0.135417
0 0.161651 0.677662 0.229167 0.144676
