0 0.128086 0.203704 0.254630 0.108796
0 0.131944 0.302083 0.253086 0.108796
0 0.145448 0.416088 0.252315 0.119213
0 0.159336 0.532986 0.264660 0.121528
0 0.165123 0.652778 0.277778 0.120370
0 0.176312 0.779514 0.280093 0.133102
0 0.476080 0.793403 0.270062 0.144676
0 0.457562 0.666667 0.277778 0.122685
0 0.442130 0.547454 0.265432 0.120370
0 0.418981 0.436343 0.262346 0.125000
0 0.400463 0.328704 0.254630 0.108796
0 0.385417 0.220486 0.249228 0.121528
0 0.638889 0.241898 0.243827 0.118056
0 0.658179 0.345486 0.246914 0.107639
0 0.687886 0.450231 0.264660 0.120370
0 0.711034 0.562500 0.267747 0.122685
0 0.742670 0.682292 0.281636 0.130787
0 0.778549 0.802662 0.280864 0.130787
