0 0.260031 0.226852 0.158951 0.071759
0 0.271219 0.300926 0.172068 0.090278
0 0.288966 0.397569 0.170525 0.089120
0 0.307099 0.487847 0.183642 0.091435
0 0.319444 0.589699 0.189815 0.091435
0 0.501543 0.595486 0.169753 0.103009
0 0.483025 0.494792 0.169753 0.093750
0 0.455633 0.398727 0.164352 0.089120
0 0.437500 0.310764 0.155864 0.079861
0 0.418981 0.233218 0.151235 0.072917
0 0.570602 0.239005 0.147377 0.072917
0 0.592978 0.316551 0.167438 0.082176
0 0.623843 0.402199 0.173611 0.096065
0 0.646605 0.489005 0.169753 0.089120
0 0.679398 0.589699 0.170525 0.093750
