0 0.410108 0.368634 0.144290 0.061343
0 0.451003 0.434028 0.145833 0.062500
0 0.484182 0.505787 0.152006 0.071759
0 0.529321 0.586806 0.158951 0.071759
0 0.571373 0.670139 0.162809 0.067130
0 0.706404 0.660880 0.142747 0.071759
0 0.667052 0.583912 0.131944 0.063657
0 0.624228 0.510417 0.138889 0.067130
0 0.579475 0.431713 0.135802 0.062500
0 0.540895 0.366898 0.131173 0.057870
0 0.663580 0.364583 0.126543 0.055556
0 0.694830 0.425926 0.136574 0.055556
0 0.746914 0.498843 0.135802 0.057870
0 0.790123 0.567708 0.141975 0.068287
0 0.842593 0.652778 0.148148 0.067130
0 0.103395 0.369213 0.149691 0.062500
