0 0.239969 0.532986 0.162037 0.086806
0 0.258102 0.614005 0.170525 0.079861
0 0.271991 0.703704 0.176698 0.094907
0 0.296296 0.806713 0.188272 0.092593
0 0.317130 0.911458 0.202160 0.100694
0 0.500772 0.900463 0.185185 0.087963
0 0.473380 0.799190 0.178241 0.089120
0 0.445988 0.703125 0.179012 0.089120
0 0.423997 0.612269 0.164352 0.076389
0 0.400463 0.530671 0.148148 0.070602
0 0.552855 0.532986 0.153549 0.077546
0 0.581019 0.622106 0.166667 0.068287
0 0.606867 0.697338 0.178241 0.089120
0 0.643133 0.792824 0.179784 0.087963
0 0.681713 0.894676 0.175154 0.081019
