0 0.269290 0.101273 0.175926 0.100694
0 0.248843 0.195023 0.173611 0.105324
0 0.237654 0.307292 0.188272 0.105324
0 0.221836 0.427662 0.204475 0.123843
0 0.197531 0.563657 0.216049 0.141204
0 0.168210 0.718171 0.223765 0.133102
0 0.632716 0.077546 0.174383 0.087963
0 0.641204 0.175926 0.175926 0.101852
0 0.656250 0.286458 0.199846 0.105324
0 0.656636 0.414352 0.211420 0.131944
0 0.670525 0.564815 0.228395 0.136574
0 0.677469 0.734375 0.237654 0.151620
0 0.413966 0.726273 0.227623 0.144676
0 0.420139 0.557870 0.227623 0.136574
0 0.434799 0.414931 0.201389 0.103009
0 0.434028 0.292824 0.196759 0.104167
0 0.440586 0.191551 0.194444 0.091435
0 0.447145 0.086227 0.172068 0.093750
