0 0.312886 0.710069 0.172068 0.103009
0 0.485725 0.707176 0.167438 0.097222
0 0.288580 0.595486 0.165123 0.086806
0 0.271991 0.502894 0.161265 0.093750
0 0.255015 0.418403 0.162809 0.086806
0 0.237654 0.338542 0.152778 0.082176
0 0.393133 0.346065 0.141204 0.081019
0 0.409336 0.429398 0.162809 0.087963
0 0.437886 0.512153 0.161265 0.096065
0 0.464892 0.609954 0.167438 0.097222
0 0.652778 0.710648 0.175926 0.092593
0 0.622299 0.609375 0.159722 0.084491
0 0.592593 0.530671 0.168210 0.082176
0 0.565586 0.442708 0.151235 0.077546
0 0.538194 0.365162 0.139660 0.061343
0 0.851466 0.390625 0.147377 0.072917
0 0.884259 0.458333 0.151235 0.067130
0 0.929012 0.539931 0.134259 0.093750
