2 0.389660 0.848958 0.100309 0.103009
2 0.618441 0.864583 0.158179 0.115741
0 0.687114 0.201968 0.124228 0.070602
0 0.391204 0.368634 0.155864 0.082176
0 0.395448 0.451389 0.172068 0.087963
0 0.404707 0.542824 0.167438 0.087963
0 0.411265 0.637731 0.166667 0.099537
0 0.799769 0.760995 0.181327 0.100694
0 0.777006 0.655671 0.175926 0.093750
0 0.755787 0.556713 0.168981 0.087963
0 0.733796 0.463542 0.174383 0.089120
0 0.722994 0.386574 0.155864 0.078704
0 0.588735 0.646991 0.177469 0.104167
0 0.581790 0.547454 0.166667 0.092593
0 0.568673 0.462384 0.172840 0.089120
0 0.555556 0.377894 0.158951 0.079861
