0 0.628086 0.069444 0.183642 0.090278
0 0.634259 0.162616 0.191358 0.098380
0 0.635417 0.270833 0.201389 0.115741
0 0.646219 0.384259 0.216821 0.127315
0 0.653164 0.534144 0.232253 0.146991
0 0.654707 0.707755 0.249228 0.172454
0 0.407022 0.706019 0.250772 0.155093
0 0.161651 0.694444 0.236883 0.150463
0 0.417824 0.539352 0.232253 0.145833
0 0.420525 0.403935 0.217593 0.131944
0 0.425926 0.284722 0.195988 0.108796
0 0.433642 0.175926 0.180556 0.104167
0 0.442515 0.083912 0.181327 0.086806
0 0.263503 0.096644 0.173611 0.091435
0 0.248843 0.188657 0.187500 0.097222
0 0.227238 0.292245 0.192130 0.116898
0 0.205633 0.413194 0.216821 0.127315
0 0.186343 0.544560 0.235340 0.146991
