0 0.300154 0.431713 0.148148 0.081019
0 0.316744 0.511574 0.161265 0.078704
0 0.333333 0.598380 0.169753 0.087963
0 0.351080 0.698495 0.177469 0.093750
0 0.371528 0.804977 0.198302 0.105324
0 0.553627 0.808449 0.178241 0.100694
0 0.531250 0.707176 0.175154 0.090278
0 0.502701 0.616898 0.168981 0.081019
0 0.480710 0.523727 0.162037 0.077546
0 0.460262 0.445602 0.153549 0.074074
0 0.611883 0.454861 0.152778 0.074074
0 0.643904 0.530093 0.162809 0.078704
0 0.671296 0.616319 0.163580 0.086806
0 0.700231 0.711806 0.168981 0.085648
0 0.730324 0.813079 0.178241 0.105324
