0 0.634645 0.705440 0.246142 0.179398
0 0.625000 0.546875 0.228395 0.149306
0 0.617284 0.404514 0.231481 0.140046
0 0.606096 0.288194 0.192130 0.113426
0 0.601852 0.172454 0.191358 0.094907
0 0.592207 0.082176 0.185957 0.101852
0 0.404707 0.104167 0.176698 0.097222
0 0.399306 0.197338 0.190586 0.098380
0 0.396605 0.297454 0.192901 0.122685
0 0.390432 0.419560 0.217593 0.140046
0 0.384259 0.564236 0.234568 0.149306
0 0.375386 0.720486 0.250772 0.177083
0 0.134645 0.728588 0.243056 0.142361
0 0.232253 0.119792 0.172840 0.096065
0 0.217978 0.208912 0.184414 0.105324
0 0.200231 0.318287 0.201389 0.120370
0 0.179012 0.438657 0.212963 0.145833
0 0.157793 0.572917 0.227623 0.155093
