0 0.631559 0.689236 0.235340 0.151620
0 0.628858 0.550347 0.223765 0.160880
0 0.616898 0.408565 0.201389 0.138889
0 0.613426 0.287616 0.188272 0.123843
0 0.604552 0.178241 0.175154 0.106481
0 0.597608 0.085069 0.161265 0.098380
0 0.423997 0.101852 0.165895 0.092593
0 0.419367 0.200810 0.181327 0.109954
0 0.408951 0.302662 0.171296 0.121528
0 0.409336 0.425347 0.199846 0.128472
0 0.400077 0.558449 0.210648 0.137731
0 0.386188 0.707176 0.209105 0.145833
0 0.173997 0.710069 0.207562 0.146991
0 0.190972 0.570023 0.207562 0.128472
0 0.211806 0.439236 0.195216 0.123843
0 0.226080 0.322338 0.182099 0.114583
0 0.241127 0.217014 0.170525 0.116898
0 0.254630 0.126157 0.160494 0.104167
