0 0.631559 0.167245 0.167438 0.112269
0 0.636574 0.284722 0.189815 0.120370
0 0.644290 0.421875 0.208333 0.146991
0 0.658951 0.598958 0.229938 0.186343
0 0.663966 0.807292 0.239969 0.246528
0 0.462963 0.181713 0.171296 0.118056
0 0.447917 0.298611 0.187500 0.134259
0 0.431713 0.432292 0.207562 0.160880
0 0.420139 0.602431 0.232253 0.184028
0 0.403164 0.804977 0.244599 0.214120
0 0.288966 0.204282 0.172068 0.114583
0 0.266975 0.317130 0.186728 0.129630
0 0.234954 0.445023 0.206019 0.146991
0 0.201775 0.607639 0.230710 0.166667
0 0.168596 0.798032 0.244599 0.190972
