1 0.483025 0.057292 0.162037 0.098380
0 0.480710 0.155093 0.175926 0.097222
0 0.474923 0.246528 0.185957 0.120370
0 0.469907 0.369792 0.199074 0.126157
0 0.466049 0.503472 0.202160 0.131944
0 0.467207 0.656250 0.207562 0.141204
0 0.241127 0.660301 0.196759 0.135417
0 0.255401 0.519097 0.195988 0.137731
0 0.270448 0.388889 0.189043 0.115741
0 0.290895 0.266782 0.182099 0.112269
0 0.295525 0.173611 0.165123 0.097222
0 0.309028 0.072338 0.156636 0.096065
0 0.151235 0.093750 0.154321 0.090278
0 0.133873 0.186921 0.161265 0.100694
0 0.108796 0.287616 0.160494 0.096065
0 0.087191 0.398148 0.162037 0.113426
0 0.080247 0.523727 0.158951 0.109954
