0 0.291667 0.736690 0.188272 0.103009
0 0.478781 0.751157 0.182870 0.113426
0 0.657793 0.760417 0.182870 0.101852
0 0.281250 0.633681 0.179784 0.103009
0 0.454861 0.647569 0.172068 0.107639
0 0.625772 0.655671 0.188272 0.098380
0 0.600694 0.568866 0.178241 0.091435
0 0.572145 0.483218 0.175154 0.093750
0 0.550154 0.401620 0.154321 0.090278
0 0.397762 0.386574 0.158179 0.092593
0 0.412809 0.469329 0.171296 0.086806
0 0.437886 0.552662 0.179784 0.091435
0 0.264275 0.536458 0.175154 0.093750
0 0.250386 0.451389 0.164352 0.092593
0 0.233796 0.372106 0.171296 0.091435
