0 0.358796 0.728009 0.179012 0.122685
0 0.356096 0.622685 0.173611 0.097222
0 0.348765 0.521991 0.169753 0.094907
0 0.347222 0.439815 0.166667 0.085648
0 0.338735 0.350116 0.154321 0.086806
0 0.505401 0.359954 0.157407 0.081019
0 0.515046 0.443866 0.162809 0.084491
0 0.526235 0.535880 0.165123 0.092593
0 0.540509 0.629051 0.168981 0.093750
0 0.550926 0.730903 0.186728 0.103009
0 0.731867 0.740162 0.178241 0.109954
0 0.719907 0.637153 0.177469 0.096065
0 0.699846 0.541088 0.168210 0.086806
0 0.685185 0.454861 0.157407 0.081019
0 0.671682 0.375579 0.155093 0.077546
