0 0.657022 0.745949 0.198302 0.109954
0 0.641590 0.642940 0.190586 0.093750
0 0.621528 0.543403 0.181327 0.089120
0 0.601852 0.452546 0.168210 0.081019
0 0.585648 0.370370 0.165123 0.069444
1 0.426698 0.270833 0.126543 0.083333
0 0.469136 0.746528 0.192901 0.108796
0 0.456790 0.637731 0.180556 0.099537
0 0.445216 0.543981 0.177469 0.090278
0 0.431713 0.448495 0.172068 0.077546
0 0.422840 0.373843 0.166667 0.078704
0 0.250000 0.368056 0.165123 0.083333
0 0.255401 0.454861 0.175926 0.085648
0 0.260417 0.541088 0.181327 0.093750
0 0.268904 0.641782 0.187500 0.103009
0 0.276235 0.745949 0.194444 0.109954
