0 0.188272 0.177083 0.276235 0.092593
0 0.206019 0.270255 0.279321 0.093750
0 0.223380 0.375579 0.283179 0.093750
0 0.236883 0.485532 0.296296 0.096065
0 0.251543 0.596065 0.311728 0.106481
0 0.274306 0.720486 0.307870 0.109954
0 0.453704 0.163773 0.263889 0.084491
0 0.478395 0.267940 0.268519 0.084491
0 0.498071 0.364583 0.286265 0.092593
0 0.526235 0.472222 0.274691 0.092593
0 0.545525 0.582176 0.297840 0.101852
0 0.569059 0.701968 0.306327 0.109954
0 0.707176 0.151042 0.264660 0.089120
0 0.733410 0.245370 0.278549 0.087963
0 0.764275 0.348958 0.286265 0.084491
0 0.798611 0.455440 0.304012 0.096065
0 0.834877 0.562500 0.305556 0.097222
0 0.857639 0.679977 0.284722 0.100694
