0 0.662037 0.155671 0.179012 0.112269
0 0.663966 0.271412 0.170525 0.128472
0 0.675540 0.415509 0.185957 0.155093
0 0.693673 0.585069 0.209877 0.195602
0 0.704475 0.804398 0.236111 0.236111
0 0.444444 0.815394 0.236111 0.221065
0 0.192130 0.817130 0.245370 0.210648
1 0.452160 0.605324 0.223765 0.182870
0 0.473380 0.288194 0.178241 0.127315
0 0.466049 0.426505 0.199074 0.149306
0 0.225309 0.601273 0.200617 0.151620
0 0.260802 0.435764 0.206790 0.142361
0 0.287037 0.299190 0.182099 0.107639
0 0.478395 0.160301 0.174383 0.116898
0 0.309799 0.178241 0.167438 0.113426
