0 0.634645 0.156829 0.158179 0.103009
0 0.457562 0.170139 0.165123 0.115741
0 0.302083 0.185185 0.172068 0.111111
0 0.646219 0.265046 0.185957 0.127315
0 0.459105 0.283565 0.192901 0.120370
0 0.275077 0.296296 0.193673 0.122685
0 0.650849 0.404514 0.199846 0.158565
0 0.657793 0.575231 0.229167 0.189815
0 0.666667 0.781250 0.242284 0.226852
0 0.439429 0.425347 0.215278 0.144676
0 0.240355 0.431134 0.216821 0.137731
0 0.206404 0.582755 0.218364 0.163194
0 0.427469 0.583333 0.243827 0.166667
0 0.165123 0.767940 0.248457 0.184028
0 0.412037 0.780093 0.246914 0.212963
