0 0.390046 0.472801 0.136574 0.079861
0 0.516590 0.492477 0.116512 0.072917
0 0.640046 0.512153 0.124228 0.079861
0 0.679398 0.590278 0.125772 0.078704
0 0.555941 0.576389 0.128858 0.083333
0 0.420139 0.553819 0.144290 0.091435
0 0.459491 0.639468 0.145833 0.091435
0 0.491512 0.725116 0.158951 0.098380
0 0.530093 0.825810 0.143519 0.098380
0 0.664738 0.824653 0.128858 0.084491
0 0.796296 0.839699 0.137346 0.077546
0 0.750772 0.750000 0.141975 0.090278
0 0.716435 0.669560 0.136574 0.084491
0 0.629244 0.742477 0.145833 0.093750
0 0.589892 0.654514 0.130401 0.086806
0 0.185185 0.788194 0.174383 0.101852
0 0.156250 0.689236 0.168981 0.096065
0 0.123843 0.593750 0.162809 0.097222
0 0.098380 0.508681 0.150463 0.077546
0 0.077932 0.417824 0.143519 0.083333
