0 0.718364 0.791667 0.243827 0.254630
0 0.694444 0.587384 0.228395 0.204861
0 0.677083 0.407407 0.209105 0.162037
0 0.663966 0.265625 0.192130 0.128472
0 0.653164 0.134259 0.170525 0.111111
0 0.466435 0.167245 0.175154 0.116898
0 0.468750 0.283565 0.187500 0.129630
0 0.462191 0.428241 0.197531 0.162037
0 0.451775 0.604167 0.232253 0.194444
0 0.446759 0.814236 0.243827 0.218750
0 0.200617 0.825810 0.242284 0.223380
0 0.229938 0.620949 0.220679 0.179398
0 0.256173 0.445602 0.191358 0.159722
0 0.280478 0.303819 0.187500 0.133102
0 0.300926 0.194444 0.180556 0.127315
