0 0.273534 0.379630 0.141204 0.087963
0 0.306713 0.458912 0.131944 0.096065
0 0.339120 0.541667 0.121142 0.087963
0 0.372299 0.636574 0.124228 0.085648
0 0.405478 0.737269 0.141204 0.101852
0 0.529321 0.751736 0.126543 0.114583
0 0.665509 0.784722 0.108796 0.085648
0 0.627315 0.685185 0.115741 0.083333
0 0.586034 0.605324 0.113426 0.090278
0 0.549769 0.521991 0.114969 0.097222
0 0.516204 0.447338 0.115741 0.075231
0 0.406250 0.414931 0.130401 0.086806
0 0.426698 0.484954 0.126543 0.071759
0 0.462191 0.564236 0.125000 0.112269
0 0.497299 0.663194 0.135031 0.099537
