0 0.586806 0.085069 0.167438 0.089120
0 0.590278 0.178819 0.186728 0.109954
0 0.595679 0.284722 0.200617 0.125000
0 0.599923 0.407407 0.206019 0.136574
0 0.605324 0.541088 0.216821 0.146991
0 0.609954 0.695602 0.219907 0.164352
0 0.373843 0.692130 0.233796 0.145833
0 0.382330 0.545139 0.212191 0.138889
0 0.384645 0.414352 0.206019 0.143519
0 0.392361 0.298032 0.184414 0.126157
0 0.402392 0.199074 0.175154 0.120370
0 0.407793 0.098958 0.173611 0.103009
0 0.234954 0.116898 0.170525 0.097222
0 0.225694 0.211227 0.175154 0.109954
0 0.210648 0.315972 0.186728 0.122685
0 0.189429 0.428819 0.198302 0.133102
0 0.171296 0.562500 0.217593 0.143519
0 0.154321 0.697338 0.223765 0.137731
