2 0.751929 0.802083 0.138117 0.108796
0 0.583719 0.698495 0.179784 0.107639
0 0.402778 0.690972 0.182099 0.113426
0 0.383873 0.586227 0.170525 0.096065
0 0.371142 0.493634 0.162037 0.089120
0 0.353009 0.403935 0.158179 0.081019
0 0.333719 0.316551 0.153549 0.082176
0 0.492670 0.336227 0.147377 0.072917
0 0.510031 0.412616 0.157407 0.084491
0 0.536265 0.499421 0.152778 0.091435
0 0.557099 0.588542 0.157407 0.096065
0 0.729938 0.596644 0.157407 0.089120
0 0.687500 0.510417 0.158951 0.090278
0 0.665895 0.427083 0.146605 0.085648
0 0.635417 0.346065 0.141204 0.074074
