0 0.236497 0.248843 0.159722 0.083333
0 0.249614 0.325231 0.161265 0.078704
0 0.266590 0.407986 0.170525 0.089120
0 0.288966 0.509259 0.172068 0.099537
0 0.309028 0.604745 0.176698 0.089120
0 0.483025 0.611690 0.163580 0.093750
0 0.457948 0.512153 0.159722 0.098380
0 0.431713 0.422454 0.156636 0.078704
0 0.407022 0.339699 0.158179 0.082176
0 0.391590 0.256944 0.152006 0.081019
0 0.536265 0.266782 0.141975 0.070602
0 0.560571 0.341435 0.150463 0.071759
0 0.585262 0.423611 0.158179 0.085648
0 0.615741 0.515046 0.162037 0.085648
0 0.650463 0.613426 0.169753 0.085648
0 0.846836 0.286458 0.128858 0.070602
0 0.882330 0.363426 0.141204 0.069444
0 0.917438 0.442708 0.138889 0.077546
