0 0.254244 0.708333 0.263117 0.134259
0 0.256173 0.592014 0.248457 0.128472
0 0.248843 0.480324 0.239969 0.120370
0 0.238812 0.380208 0.236883 0.119213
0 0.236111 0.292245 0.226852 0.100694
0 0.230710 0.195602 0.217593 0.104167
0 0.464892 0.223958 0.210648 0.105324
0 0.470679 0.314815 0.226852 0.104167
0 0.487654 0.415509 0.229938 0.108796
0 0.496914 0.512153 0.242284 0.109954
0 0.516590 0.620370 0.247685 0.122685
0 0.528549 0.731481 0.243827 0.120370
0 0.793981 0.762153 0.253086 0.123843
0 0.773534 0.644097 0.253858 0.119213
0 0.749614 0.541088 0.238426 0.121528
0 0.733025 0.442708 0.234568 0.116898
0 0.713735 0.347801 0.237654 0.109954
0 0.692515 0.256944 0.222994 0.101852
