0 0.679784 0.773727 0.236111 0.241898
0 0.425540 0.788773 0.236883 0.225694
0 0.199846 0.788194 0.222222 0.203704
0 0.643133 0.133102 0.167438 0.125000
0 0.468750 0.162616 0.162809 0.119213
0 0.305556 0.186921 0.160494 0.114583
0 0.282022 0.300347 0.179784 0.133102
0 0.461034 0.270255 0.181327 0.144676
0 0.657022 0.252315 0.184414 0.145833
0 0.658951 0.388889 0.192901 0.166667
0 0.447917 0.414352 0.204475 0.168981
0 0.256944 0.436343 0.189815 0.150463
0 0.229552 0.595486 0.219907 0.184028
0 0.439815 0.575810 0.231481 0.200231
0 0.670139 0.564236 0.218364 0.209491
