2 0.323302 0.906250 0.174383 0.120370
0 0.301312 0.418981 0.148920 0.087963
0 0.308256 0.507523 0.164352 0.089120
0 0.323302 0.603588 0.169753 0.086806
0 0.326775 0.696759 0.173611 0.099537
0 0.527778 0.821759 0.171296 0.101852
0 0.509645 0.710648 0.164352 0.108796
0 0.495370 0.620370 0.163580 0.101852
0 0.480710 0.530093 0.157407 0.099537
0 0.467978 0.446181 0.148920 0.098380
0 0.626157 0.467593 0.152006 0.083333
0 0.644676 0.544560 0.158179 0.086806
0 0.667052 0.638889 0.165895 0.094907
0 0.688272 0.730324 0.163580 0.101852
0 0.710262 0.841435 0.181327 0.111111
