0 0.651235 0.120949 0.172840 0.089120
0 0.667824 0.236111 0.193673 0.113426
0 0.675540 0.379630 0.210648 0.148148
0 0.693287 0.549769 0.244599 0.180556
0 0.697145 0.760995 0.270833 0.197917
0 0.307485 0.143519 0.144290 0.092593
0 0.287809 0.259838 0.148148 0.100694
0 0.256944 0.399884 0.169753 0.142361
0 0.228395 0.567130 0.222222 0.164352
0 0.195602 0.754051 0.233796 0.172454
0 0.440586 0.760995 0.243827 0.190972
0 0.447145 0.560764 0.224537 0.177083
0 0.460262 0.387153 0.198302 0.137731
0 0.468750 0.247685 0.187500 0.136574
0 0.472994 0.125579 0.171296 0.116898
