0 0.648148 0.114583 0.174383 0.122685
0 0.665509 0.224537 0.199846 0.129630
0 0.672454 0.377894 0.206019 0.172454
0 0.686728 0.559028 0.225309 0.194444
0 0.708333 0.776620 0.251543 0.252315
0 0.468750 0.145255 0.181327 0.114583
0 0.457948 0.257523 0.182870 0.142361
0 0.450617 0.405093 0.217593 0.164352
0 0.445216 0.575810 0.233025 0.188657
0 0.433642 0.796296 0.242284 0.231481
0 0.292052 0.168403 0.173611 0.126157
0 0.277392 0.281829 0.184414 0.126157
0 0.248457 0.417824 0.192901 0.162037
0 0.214892 0.586806 0.219907 0.162037
0 0.179784 0.785301 0.237654 0.195602
