0 0.395448 0.440972 0.135031 0.069444
0 0.416281 0.512731 0.155093 0.078704
0 0.459105 0.596065 0.148148 0.087963
0 0.496914 0.675347 0.145062 0.089120
0 0.521605 0.774884 0.141975 0.091435
0 0.671296 0.778935 0.140432 0.085648
0 0.627701 0.679398 0.124228 0.087963
0 0.589892 0.602431 0.135031 0.077546
0 0.554398 0.524884 0.128858 0.072917
0 0.518519 0.449653 0.120370 0.070602
0 0.647377 0.469329 0.112654 0.059028
0 0.684799 0.538194 0.118056 0.071759
0 0.724923 0.616898 0.124228 0.085648
0 0.762731 0.693866 0.138117 0.082176
0 0.807870 0.784144 0.148148 0.098380
0 0.076389 0.396991 0.140432 0.081019
