0 0.676698 0.123843 0.157407 0.108796
0 0.683642 0.244213 0.182099 0.125000
0 0.699074 0.391204 0.200617 0.162037
0 0.707948 0.565972 0.201389 0.185185
0 0.724537 0.780093 0.231481 0.236111
0 0.468364 0.788773 0.233025 0.202546
1 0.474151 0.585069 0.221451 0.181713
1 0.486497 0.265625 0.185957 0.146991
0 0.478009 0.407407 0.206019 0.157407
0 0.491898 0.146412 0.170525 0.119213
0 0.325617 0.160301 0.163580 0.126157
0 0.298997 0.282407 0.192130 0.125000
0 0.273148 0.414931 0.203704 0.153935
0 0.244599 0.585069 0.225309 0.181713
0 0.209877 0.783565 0.250000 0.208333
