0 0.570216 0.109375 0.191358 0.096065
0 0.572531 0.202546 0.200617 0.111111
0 0.579090 0.306134 0.216821 0.133102
0 0.564815 0.434028 0.220679 0.138889
0 0.578704 0.590278 0.253086 0.164352
0 0.584105 0.755208 0.270062 0.163194
0 0.332176 0.766204 0.241512 0.180556
0 0.339892 0.594907 0.229167 0.143519
0 0.352623 0.451389 0.208333 0.127315
0 0.365355 0.333333 0.207562 0.131944
0 0.375000 0.228009 0.185185 0.120370
0 0.383102 0.138310 0.184414 0.109954
0 0.204090 0.156250 0.165895 0.104167
0 0.188657 0.248843 0.172068 0.087963
0 0.157022 0.363426 0.190586 0.108796
0 0.143904 0.480903 0.213735 0.137731
0 0.114969 0.612269 0.211420 0.127315
0 0.097994 0.764468 0.194444 0.144676
