0 0.329090 0.315394 0.153549 0.079861
0 0.335262 0.392940 0.159722 0.086806
0 0.340664 0.479745 0.167438 0.091435
0 0.349537 0.576389 0.179012 0.087963
0 0.357253 0.674190 0.177469 0.091435
0 0.545525 0.679977 0.174383 0.096065
0 0.536651 0.580440 0.182870 0.089120
0 0.522762 0.486111 0.167438 0.083333
0 0.502701 0.395833 0.159722 0.081019
0 0.490741 0.313079 0.157407 0.068287
0 0.652778 0.314236 0.157407 0.065972
0 0.672068 0.398148 0.152778 0.078704
0 0.691358 0.487847 0.168210 0.082176
0 0.713349 0.578125 0.184414 0.091435
0 0.731481 0.684606 0.177469 0.091435
