0 0.417438 0.370370 0.152778 0.083333
0 0.432099 0.452546 0.160494 0.081019
0 0.447531 0.540509 0.174383 0.094907
0 0.467207 0.632523 0.172068 0.098380
0 0.486497 0.735532 0.175154 0.089120
0 0.660880 0.740162 0.178241 0.103009
0 0.641975 0.639468 0.172840 0.091435
0 0.616898 0.546875 0.167438 0.089120
0 0.595679 0.462384 0.155864 0.082176
0 0.574074 0.377315 0.158951 0.083333
0 0.728395 0.390625 0.151235 0.084491
0 0.750772 0.468171 0.163580 0.079861
0 0.785880 0.554977 0.158179 0.082176
0 0.811343 0.642361 0.172068 0.099537
0 0.844907 0.741898 0.182099 0.099537
