1 0.329475 0.657986 0.194444 0.126157
1 0.327160 0.548032 0.200617 0.105324
1 0.531250 0.699074 0.201389 0.222222
1 0.521605 0.545139 0.195988 0.101852
1 0.506173 0.449653 0.185185 0.098380
1 0.479167 0.268519 0.172840 0.085648
0 0.312500 0.439236 0.191358 0.093750
0 0.312500 0.347801 0.177469 0.089120
0 0.309028 0.263889 0.168981 0.085648
0 0.491512 0.356481 0.172840 0.085648
0 0.725309 0.652778 0.186728 0.118056
0 0.708719 0.541667 0.173611 0.101852
0 0.684414 0.446759 0.169753 0.092593
0 0.665509 0.359954 0.165895 0.083333
0 0.643133 0.273727 0.153549 0.079861
0 0.609954 0.083333 0.128858 0.087963
