0 0.190972 0.173032 0.226080 0.103009
0 0.198302 0.262731 0.229938 0.101852
0 0.205247 0.355324 0.240741 0.104167
0 0.216049 0.459491 0.245370 0.106481
0 0.227238 0.560185 0.260031 0.104167
0 0.237269 0.679977 0.250772 0.123843
0 0.427855 0.193866 0.216821 0.089120
0 0.438657 0.280093 0.226080 0.097222
0 0.454090 0.374421 0.229167 0.098380
0 0.468364 0.473380 0.233025 0.106481
0 0.487654 0.578704 0.239198 0.106481
0 0.506173 0.686921 0.242284 0.112269
0 0.766204 0.700231 0.253086 0.113426
0 0.740741 0.596644 0.242284 0.091435
0 0.720293 0.493634 0.244599 0.100694
0 0.697145 0.390046 0.236883 0.099537
0 0.675926 0.296875 0.225309 0.096065
0 0.654707 0.207755 0.224537 0.093750
