0 0.619599 0.137731 0.169753 0.092593
0 0.627315 0.223380 0.180556 0.097222
0 0.636960 0.320602 0.189043 0.118056
0 0.643133 0.442708 0.201389 0.128472
0 0.653164 0.581597 0.226080 0.137731
0 0.660494 0.745949 0.233025 0.170139
0 0.445602 0.148727 0.167438 0.093750
0 0.439429 0.240162 0.176698 0.107639
0 0.434028 0.337384 0.190586 0.126157
0 0.420525 0.458912 0.202160 0.121528
0 0.405478 0.600694 0.219907 0.152778
0 0.398148 0.743056 0.240741 0.138889
0 0.167438 0.745370 0.236111 0.145833
0 0.185185 0.605324 0.217593 0.125000
0 0.219136 0.473380 0.192901 0.113426
0 0.236883 0.359954 0.175926 0.092593
0 0.257330 0.258681 0.172068 0.093750
0 0.269676 0.166667 0.155093 0.092593
