0 0.426312 0.407407 0.136574 0.078704
0 0.462191 0.484954 0.134259 0.081019
0 0.495370 0.568866 0.135802 0.089120
0 0.525849 0.655671 0.150463 0.093750
0 0.562114 0.754630 0.150463 0.106481
0 0.694444 0.770255 0.138889 0.098380
0 0.832562 0.786458 0.129630 0.091435
0 0.788194 0.684606 0.128858 0.082176
0 0.754630 0.604167 0.132716 0.071759
0 0.716435 0.523148 0.124228 0.074074
0 0.684414 0.449653 0.126543 0.072917
0 0.561343 0.429977 0.130401 0.068287
0 0.591435 0.508102 0.130401 0.076389
0 0.628086 0.587963 0.138889 0.087963
0 0.661265 0.673611 0.140432 0.085648
0 0.221451 0.726852 0.171296 0.104167
0 0.197145 0.617477 0.170525 0.100694
0 0.165509 0.519097 0.172068 0.086806
0 0.140046 0.431713 0.158179 0.090278
0 0.130015 0.362847 0.172068 0.082176
