0 0.675926 0.095486 0.160494 0.084491
0 0.694059 0.188657 0.172068 0.092593
0 0.707176 0.292824 0.187500 0.104167
0 0.719136 0.413194 0.191358 0.122685
0 0.737269 0.559028 0.212191 0.145833
0 0.739198 0.712963 0.225309 0.143519
0 0.494213 0.718171 0.224537 0.158565
0 0.247685 0.726852 0.200617 0.148148
0 0.496142 0.563657 0.212963 0.141204
0 0.268519 0.572917 0.206790 0.138889
0 0.287423 0.438657 0.190586 0.115741
0 0.297840 0.324074 0.194444 0.118056
0 0.500000 0.306134 0.182099 0.098380
0 0.496914 0.425926 0.197531 0.101852
0 0.499614 0.201968 0.176698 0.116898
0 0.503472 0.105903 0.167438 0.091435
0 0.326775 0.126736 0.164352 0.093750
0 0.312500 0.218171 0.175926 0.105324
